Temps(s)	Vx(m/s)	Q (m3/s)	Piston 1		Piston 2	Piston 3	Piston 4	Piston 5	Piston 6
0	0,098646	2,78915E-06	2,78915E-06	2,78915E-06					
0,0004	0,004957	1,40156E-07	1,40156E-07	1,40156E-07					
0,0008	-0,088752	-2,5094E-06	0	0			0,0008		
0,0012	-0,18211	-5,14904E-06	0	0			0,0074	0,0066	
0,0016	-0,27475	-7,76837E-06	0	0			0,014		
0,002	-0,366306	-1,03571E-05	0	0			0,0206		
0,0024	-0,456416	-1,29049E-05	0	0			0,0272		
0,0028	-0,544724	-1,54017E-05	0	0			0,0338		
0,0032	-0,630883	-1,78378E-05	0	0					
0,0036	-0,714552	-2,02035E-05	0	0					
0,004	-0,795401	-2,24894E-05	0	0					
0,0044	-0,873111	-2,46866E-05	0	0					
0,0048	-0,947375	-2,67864E-05	0	0					
0,0052	-1,0179	-2,87804E-05	0	0					
0,0056	-1,084409	-3,06609E-05	0	0					
0,006	-1,146637	-3,24204E-05	0	0					
0,0064	-1,20434	-3,40519E-05	0	0					
0,0068	-1,25729	-3,5549E-05	0	0					
0,0072	-1,305279	-3,69059E-05	0	0	0				
0,0076	-1,348116	-3,81171E-05	0	0	0				
0,008	-1,385632	-3,91778E-05	0	0	0				
0,0084	-1,41768	-4,0084E-05	0	0	0				
0,0088	-1,444133	-4,08319E-05	0	0	0				
0,0092	-1,464887	-4,14187E-05	0	0	0				
0,0096	-1,47986	-4,18421E-05	0	0	0				
0,01	-1,488992	-4,21003E-05	0	0	0				
0,0104	-1,492248	-4,21923E-05	0	0	0				
0,0108	-1,489614	-4,21178E-05	0	0	0				
0,0112	-1,481102	-4,18772E-05	0	0	0				
0,0116	-1,466745	-4,14712E-05	0	0	0				
0,012	-1,446599	-4,09016E-05	0	0	0				
0,0124	-1,420744	-4,01706E-05	0	0	0				
0,0128	-1,389282	-3,9281E-05	0	0	0				
0,0132	-1,352337	-3,82364E-05	0	0	0				
0,0136	-1,310055	-3,70409E-05	0	0	0				
0,014	-1,262603	-3,56993E-05	0	0	0	0			
0,0144	-1,210167	-3,42167E-05	0	0	0	0			
0,0148	-1,152956	-3,25991E-05	0	0	0	0			
0,0152	-1,091195	-3,08528E-05	0	0	0	0			
0,0156	-1,025127	-2,89848E-05	0	0	0	0			
0,016	-0,955014	-2,70024E-05	0	0	0	0			
0,0164	-0,881131	-2,49134E-05	0	0	0	0			
0,0168	-0,803772	-2,27261E-05	0	0	0	0			
0,0172	-0,72324	-2,04491E-05	0	0	0	0			
0,0176	-0,639853	-1,80914E-05	0	0	0	0			
0,018	-0,553942	-1,56623E-05	0	0	0	0			
0,0184	-0,465844	-1,31714E-05	0	0	0	0			
0,0188	-0,375908	-1,06285E-05	0	0	0	0			
0,0192	-0,284489	-8,04374E-06	0	0	0	0			
0,0196	-0,191946	-5,42715E-06	0	0	0	0			
0,02	-0,098646	-2,78915E-06	0	0	0	0			
0,0204	-0,004957	-1,40156E-07	0	0	0	0	0		
0,0208	0,088752	2,5094E-06	2,5094E-06	2,5094E-06	0	0	0		
0,0212	0,18211	5,14904E-06	5,14904E-06	5,14904E-06	0	0	0		
0,0216	0,27475	7,76837E-06	7,76837E-06	7,76837E-06	0	0	0		
0,022	0,366306	1,03571E-05	1,03571E-05	1,03571E-05	0	0	0		
0,0224	0,456416	1,29049E-05	1,29049E-05	1,29049E-05	0	0	0		
0,0228	0,544724	1,54017E-05	1,54017E-05	1,54017E-05	0	0	0		
0,0232	0,630883	1,78378E-05	1,78378E-05	1,78378E-05	0	0	0		
0,0236	0,714552	2,02035E-05	2,02035E-05	2,02035E-05	0	0	0		
0,024	0,795401	2,24894E-05	2,24894E-05	2,24894E-05	0	0	0		
0,0244	0,873111	2,46866E-05	2,46866E-05	2,46866E-05	0	0	0		
0,0248	0,947375	2,67864E-05	2,67864E-05	2,67864E-05	0	0	0		
0,0252	1,0179	2,87804E-05	2,87804E-05	2,87804E-05	0	0	0		
0,0256	1,084409	3,06609E-05	3,06609E-05	3,06609E-05	0	0	0		
0,026	1,146637	3,24204E-05	3,24204E-05	3,24204E-05	0	0	0		
0,0264	1,20434	3,40519E-05	3,40519E-05	3,40519E-05	0	0	0		
0,0268	1,25729	3,5549E-05	3,5549E-05	3,5549E-05	0	0	0		
0,0272	1,305279	3,69059E-05	3,69059E-05	3,69059E-05	2,5094E-06	0	0	0	
0,0276	1,348116	3,81171E-05	3,81171E-05	3,81171E-05	5,14904E-06	0	0	0	
0,028	1,385632	3,91778E-05	3,91778E-05	3,91778E-05	7,76837E-06	0	0	0	
0,0284	1,41768	4,0084E-05	4,0084E-05	4,0084E-05	1,03571E-05	0	0	0	
0,0288	1,444133	4,08319E-05	4,08319E-05	4,08319E-05	1,29049E-05	0	0	0	
0,0292	1,464887	4,14187E-05	4,14187E-05	4,14187E-05	1,54017E-05	0	0	0	
0,0296	1,47986	4,18421E-05	4,18421E-05	4,18421E-05	1,78378E-05	0	0	0	
0,03	1,488992	4,21003E-05	4,21003E-05	4,21003E-05	2,02035E-05	0	0	0	
0,0304	1,492248	4,21923E-05	4,21923E-05	4,21923E-05	2,24894E-05	0	0	0	
0,0308	1,489614	4,21178E-05	4,21178E-05	4,21178E-05	2,46866E-05	0	0	0	
0,0312	1,481102	4,18772E-05	4,18772E-05	4,18772E-05	2,67864E-05	0	0	0	
0,0316	1,466745	4,14712E-05	4,14712E-05	4,14712E-05	2,87804E-05	0	0	0	
0,032	1,446599	4,09016E-05	4,09016E-05	4,09016E-05	3,06609E-05	0	0	0	
0,0324	1,420744	4,01706E-05	4,01706E-05	4,01706E-05	3,24204E-05	0	0	0	
0,0328	1,389282	3,9281E-05	3,9281E-05	3,9281E-05	3,40519E-05	0	0	0	
0,0332	1,352337	3,82364E-05	3,82364E-05	3,82364E-05	3,5549E-05	0	0	0	
0,0336	1,310055	3,70409E-05	3,70409E-05	3,70409E-05	3,69059E-05	0	0	0	0
0,034	1,262603	3,56993E-05	3,56993E-05	3,56993E-05	3,81171E-05	2,5094E-06	0	0	0
0,0344	1,210167	3,42167E-05	3,42167E-05	3,42167E-05	3,91778E-05	5,14904E-06	0	0	0
0,0348	1,152956	3,25991E-05	3,25991E-05	3,25991E-05	4,0084E-05	7,76837E-06	0	0	0
0,0352	1,091195	3,08528E-05	3,08528E-05	3,08528E-05	4,08319E-05	1,03571E-05	0	0	0
0,0356	1,025127	2,89848E-05	2,89848E-05	2,89848E-05	4,14187E-05	1,29049E-05	0	0	0
0,036	0,955014	2,70024E-05	2,70024E-05	2,70024E-05	4,18421E-05	1,54017E-05	0	0	0
0,0364	0,881131	2,49134E-05	2,49134E-05	2,49134E-05	4,21003E-05	1,78378E-05	0	0	0
0,0368	0,803772	2,27261E-05	2,27261E-05	2,27261E-05	4,21923E-05	2,02035E-05	0	0	0
0,0372	0,72324	2,04491E-05	2,04491E-05	2,04491E-05	4,21178E-05	2,24894E-05	0	0	0
0,0376	0,639853	1,80914E-05	1,80914E-05	1,80914E-05	4,18772E-05	2,46866E-05	0	0	0
0,038	0,553942	1,56623E-05	1,56623E-05	1,56623E-05	4,14712E-05	2,67864E-05	0	0	0
0,0384	0,465844	1,31714E-05	1,31714E-05	1,31714E-05	4,09016E-05	2,87804E-05	0	0	0
0,0388	0,375908	1,06285E-05	1,06285E-05	1,06285E-05	4,01706E-05	3,06609E-05	0	0	0
0,0392	0,284489	8,04374E-06	8,04374E-06	8,04374E-06	3,9281E-05	3,24204E-05	0	0	0
0,0396	0,191946	5,42715E-06	5,42715E-06	5,42715E-06	3,82364E-05	3,40519E-05	0	0	0
0,04	0,098646	2,78915E-06	2,78915E-06	2,78915E-06	3,70409E-05	3,5549E-05	0	0	0
0,0404	0,004957	1,40156E-07	1,40156E-07	1,40156E-07	3,56993E-05	3,69059E-05	2,5094E-06	0	0
0,0408	-0,088752	-2,5094E-06	0	0	3,42167E-05	3,81171E-05	5,14904E-06	0	0
0,0412	-0,18211	-5,14904E-06	0	0	3,25991E-05	3,91778E-05	7,76837E-06	0	0
0,0416	-0,27475	-7,76837E-06	0	0	3,08528E-05	4,0084E-05	1,03571E-05	0	0
0,042	-0,366306	-1,03571E-05	0	0	2,89848E-05	4,08319E-05	1,29049E-05	0	0
0,0424	-0,456416	-1,29049E-05	0	0	2,70024E-05	4,14187E-05	1,54017E-05	0	0
0,0428	-0,544724	-1,54017E-05	0	0	2,49134E-05	4,18421E-05	1,78378E-05	0	0
0,0432	-0,630883	-1,78378E-05	0	0	2,27261E-05	4,21003E-05	2,02035E-05	0	0
0,0436	-0,714552	-2,02035E-05	0	0	2,04491E-05	4,21923E-05	2,24894E-05	0	0
0,044	-0,795401	-2,24894E-05	0	0	1,80914E-05	4,21178E-05	2,46866E-05	0	0
0,0444	-0,873111	-2,46866E-05	0	0	1,56623E-05	4,18772E-05	2,67864E-05	0	0
0,0448	-0,947375	-2,67864E-05	0	0	1,31714E-05	4,14712E-05	2,87804E-05	0	0
0,0452	-1,0179	-2,87804E-05	0	0	1,06285E-05	4,09016E-05	3,06609E-05	0	0
0,0456	-1,084409	-3,06609E-05	0	0	8,04374E-06	4,01706E-05	3,24204E-05	0	0
0,046	-1,146637	-3,24204E-05	0	0	5,42715E-06	3,9281E-05	3,40519E-05	0	0
0,0464	-1,20434	-3,40519E-05	0	0	2,78915E-06	3,82364E-05	3,5549E-05	0	0
0,0468	-1,25729	-3,5549E-05	0	0	1,40156E-07	3,70409E-05	3,69059E-05	0	0
0,0472	-1,305279	-3,69059E-05	0	0	0	3,56993E-05	3,81171E-05	2,5094E-06	0
0,0476	-1,348116	-3,81171E-05	0	0	0	3,42167E-05	3,91778E-05	5,14904E-06	0
0,048	-1,385632	-3,91778E-05	0	0	0	3,25991E-05	4,0084E-05	7,76837E-06	0
0,0484	-1,41768	-4,0084E-05	0	0	0	3,08528E-05	4,08319E-05	1,03571E-05	0
0,0488	-1,444133	-4,08319E-05	0	0	0	2,89848E-05	4,14187E-05	1,29049E-05	0
0,0492	-1,464887	-4,14187E-05	0	0	0	2,70024E-05	4,18421E-05	1,54017E-05	0
0,0496	-1,47986	-4,18421E-05	0	0	0	2,49134E-05	4,21003E-05	1,78378E-05	0
0,05	-1,488992	-4,21003E-05	0	0	0	2,27261E-05	4,21923E-05	2,02035E-05	0
0,0504	-1,492248	-4,21923E-05	0	0	0	2,04491E-05	4,21178E-05	2,24894E-05	0
0,0508	-1,489614	-4,21178E-05	0	0	0	1,80914E-05	4,18772E-05	2,46866E-05	0
0,0512	-1,481102	-4,18772E-05	0	0	0	1,56623E-05	4,14712E-05	2,67864E-05	0
0,0516	-1,466745	-4,14712E-05	0	0	0	1,31714E-05	4,09016E-05	2,87804E-05	0
0,052	-1,446599	-4,09016E-05	0	0	0	1,06285E-05	4,01706E-05	3,06609E-05	0
0,0524	-1,420744	-4,01706E-05	0	0	0	8,04374E-06	3,9281E-05	3,24204E-05	0
0,0528	-1,389282	-3,9281E-05	0	0	0	5,42715E-06	3,82364E-05	3,40519E-05	0
0,0532	-1,352337	-3,82364E-05	0	0	0	2,78915E-06	3,70409E-05	3,5549E-05	0
0,0536	-1,310055	-3,70409E-05	0	0	0	1,40156E-07	3,56993E-05	3,69059E-05	2,5094E-06
0,054	-1,262603	-3,56993E-05	0	0	0	0	3,42167E-05	3,81171E-05	5,14904E-06
0,0544	-1,210167	-3,42167E-05	0	0	0	0	3,25991E-05	3,91778E-05	7,76837E-06
0,0548	-1,152956	-3,25991E-05	0	0	0	0	3,08528E-05	4,0084E-05	1,03571E-05
0,0552	-1,091195	-3,08528E-05	0	0	0	0	2,89848E-05	4,08319E-05	1,29049E-05
0,0556	-1,025127	-2,89848E-05	0	0	0	0	2,70024E-05	4,14187E-05	1,54017E-05
0,056	-0,955014	-2,70024E-05	0	0	0	0	2,49134E-05	4,18421E-05	1,78378E-05
0,0564	-0,881131	-2,49134E-05	0	0	0	0	2,27261E-05	4,21003E-05	2,02035E-05
0,0568	-0,803772	-2,27261E-05	0	0	0	0	2,04491E-05	4,21923E-05	2,24894E-05
0,0572	-0,72324	-2,04491E-05	0	0	0	0	1,80914E-05	4,21178E-05	2,46866E-05
0,0576	-0,639853	-1,80914E-05	0	0	0	0	1,56623E-05	4,18772E-05	2,67864E-05
0,058	-0,553942	-1,56623E-05	0	0	0	0	1,31714E-05	4,14712E-05	2,87804E-05
0,0584	-0,465844	-1,31714E-05	0	0	0	0	1,06285E-05	4,09016E-05	3,06609E-05
0,0588	-0,375908	-1,06285E-05	0	0	0	0	8,04374E-06	4,01706E-05	3,24204E-05
0,0592	-0,284489	-8,04374E-06	0	0	0	0	5,42715E-06	3,9281E-05	3,40519E-05
0,0596	-0,191946	-5,42715E-06	0	0	0	0	2,78915E-06	3,82364E-05	3,5549E-05
0,06	-0,098646	-2,78915E-06	0	0	0	0	1,40156E-07	3,70409E-05	3,69059E-05
0,0604	-0,004957	-1,40156E-07	0	0	0	0	0	3,56993E-05	3,81171E-05
0,0608	0,088752	2,5094E-06	2,5094E-06	2,5094E-06	0	0	0	3,42167E-05	3,91778E-05
0,0612	0,18211	5,14904E-06	5,14904E-06	5,14904E-06	0	0	0	3,25991E-05	4,0084E-05
0,0616	0,27475	7,76837E-06	7,76837E-06	7,76837E-06	0	0	0	3,08528E-05	4,08319E-05
0,062	0,366306	1,03571E-05	1,03571E-05	1,03571E-05	0	0	0	2,89848E-05	4,14187E-05
0,0624	0,456416	1,29049E-05	1,29049E-05	1,29049E-05	0	0	0	2,70024E-05	4,18421E-05
0,0628	0,544724	1,54017E-05	1,54017E-05	1,54017E-05	0	0	0	2,49134E-05	4,21003E-05
0,0632	0,630883	1,78378E-05	1,78378E-05	1,78378E-05	0	0	0	2,27261E-05	4,21923E-05
0,0636	0,714552	2,02035E-05	2,02035E-05	2,02035E-05	0	0	0	2,04491E-05	4,21178E-05
0,064	0,795401	2,24894E-05	2,24894E-05	2,24894E-05	0	0	0	1,80914E-05	4,18772E-05
0,0644	0,873111	2,46866E-05	2,46866E-05	2,46866E-05	0	0	0	1,56623E-05	4,14712E-05
0,0648	0,947375	2,67864E-05	2,67864E-05	2,67864E-05	0	0	0	1,31714E-05	4,09016E-05
0,0652	1,0179	2,87804E-05	2,87804E-05	2,87804E-05	0	0	0	1,06285E-05	4,01706E-05
0,0656	1,084409	3,06609E-05	3,06609E-05	3,06609E-05	0	0	0	8,04374E-06	3,9281E-05
0,066	1,146637	3,24204E-05	3,24204E-05	3,24204E-05	0	0	0	5,42715E-06	3,82364E-05
0,0664	1,20434	3,40519E-05	3,40519E-05	3,40519E-05	0	0	0	2,78915E-06	3,70409E-05
0,0668	1,25729	3,5549E-05	3,5549E-05	3,5549E-05	0	0	0	1,40156E-07	3,56993E-05
0,0672	1,305279	3,69059E-05	3,69059E-05	3,69059E-05	2,5094E-06	0	0	0	3,42167E-05
0,0676	1,348116	3,81171E-05	3,81171E-05	3,81171E-05	5,14904E-06	0	0	0	3,25991E-05
0,068	1,385632	3,91778E-05	3,91778E-05	3,91778E-05	7,76837E-06	0	0	0	3,08528E-05
0,0684	1,41768	4,0084E-05	4,0084E-05	4,0084E-05	1,03571E-05	0	0	0	2,89848E-05
0,0688	1,444133	4,08319E-05	4,08319E-05	4,08319E-05	1,29049E-05	0	0	0	2,70024E-05
0,0692	1,464887	4,14187E-05	4,14187E-05	4,14187E-05	1,54017E-05	0	0	0	2,49134E-05
0,0696	1,47986	4,18421E-05	4,18421E-05	4,18421E-05	1,78378E-05	0	0	0	2,27261E-05
0,07	1,488992	4,21003E-05	4,21003E-05	4,21003E-05	2,02035E-05	0	0	0	2,04491E-05
0,0704	1,492248	4,21923E-05	4,21923E-05	4,21923E-05	2,24894E-05	0	0	0	1,80914E-05
0,0708	1,489614	4,21178E-05	4,21178E-05	4,21178E-05	2,46866E-05	0	0	0	1,56623E-05
0,0712	1,481102	4,18772E-05	4,18772E-05	4,18772E-05	2,67864E-05	0	0	0	1,31714E-05
0,0716	1,466745	4,14712E-05	4,14712E-05	4,14712E-05	2,87804E-05	0	0	0	1,06285E-05
0,072	1,446599	4,09016E-05	4,09016E-05	4,09016E-05	3,06609E-05	0	0	0	8,04374E-06
0,0724	1,420744	4,01706E-05	4,01706E-05	4,01706E-05	3,24204E-05	0	0	0	5,42715E-06
0,0728	1,389282	3,9281E-05	3,9281E-05	3,9281E-05	3,40519E-05	0	0	0	2,78915E-06
0,0732	1,352337	3,82364E-05	3,82364E-05	3,82364E-05	3,5549E-05	0	0	0	1,40156E-07
0,0736	1,310055	3,70409E-05	3,70409E-05	3,70409E-05	3,69059E-05	0	0	0	0
0,074	1,262603	3,56993E-05	3,56993E-05	3,56993E-05	3,81171E-05	2,5094E-06	0	0	0
0,0744	1,210167	3,42167E-05	3,42167E-05	3,42167E-05	3,91778E-05	5,14904E-06	0	0	0
0,0748	1,152956	3,25991E-05	3,25991E-05	3,25991E-05	4,0084E-05	7,76837E-06	0	0	0
0,0752	1,091195	3,08528E-05	3,08528E-05	3,08528E-05	4,08319E-05	1,03571E-05	0	0	0
0,0756	1,025127	2,89848E-05	2,89848E-05	2,89848E-05	4,14187E-05	1,29049E-05	0	0	0
0,076	0,955014	2,70024E-05	2,70024E-05	2,70024E-05	4,18421E-05	1,54017E-05	0	0	0
0,0764	0,881131	2,49134E-05	2,49134E-05	2,49134E-05	4,21003E-05	1,78378E-05	0	0	0
0,0768	0,803772	2,27261E-05	2,27261E-05	2,27261E-05	4,21923E-05	2,02035E-05	0	0	0
0,0772	0,72324	2,04491E-05	2,04491E-05	2,04491E-05	4,21178E-05	2,24894E-05	0	0	0
0,0776	0,639853	1,80914E-05	1,80914E-05	1,80914E-05	4,18772E-05	2,46866E-05	0	0	0
0,078	0,553942	1,56623E-05	1,56623E-05	1,56623E-05	4,14712E-05	2,67864E-05	0	0	0
0,0784	0,465844	1,31714E-05	1,31714E-05	1,31714E-05	4,09016E-05	2,87804E-05	0	0	0
0,0788	0,375908	1,06285E-05	1,06285E-05	1,06285E-05	4,01706E-05	3,06609E-05	0	0	0
0,0792	0,284489	8,04374E-06	8,04374E-06	8,04374E-06	3,9281E-05	3,24204E-05	0	0	0
0,0796	0,191946	5,42715E-06	5,42715E-06	5,42715E-06	3,82364E-05	3,40519E-05	0	0	0
0,08	0,098646	2,78915E-06	2,78915E-06	2,78915E-06	3,70409E-05	3,5549E-05	0	0	0
0,0804	0,004957	1,40156E-07	1,40156E-07	1,40156E-07	3,56993E-05	3,69059E-05	2,5094E-06	0	0
0,0808	-0,088752	-2,5094E-06	0	0	3,42167E-05	3,81171E-05	5,14904E-06	0	0
0,0812	-0,18211	-5,14904E-06	0	0	3,25991E-05	3,91778E-05	7,76837E-06	0	0
0,0816	-0,27475	-7,76837E-06	0	0	3,08528E-05	4,0084E-05	1,03571E-05	0	0
0,082	-0,366306	-1,03571E-05	0	0	2,89848E-05	4,08319E-05	1,29049E-05	0	0
0,0824	-0,456416	-1,29049E-05	0	0	2,70024E-05	4,14187E-05	1,54017E-05	0	0
0,0828	-0,544724	-1,54017E-05	0	0	2,49134E-05	4,18421E-05	1,78378E-05	0	0
0,0832	-0,630883	-1,78378E-05	0	0	2,27261E-05	4,21003E-05	2,02035E-05	0	0
0,0836	-0,714552	-2,02035E-05	0	0	2,04491E-05	4,21923E-05	2,24894E-05	0	0
0,084	-0,795401	-2,24894E-05	0	0	1,80914E-05	4,21178E-05	2,46866E-05	0	0
0,0844	-0,873111	-2,46866E-05	0	0	1,56623E-05	4,18772E-05	2,67864E-05	0	0
0,0848	-0,947375	-2,67864E-05	0	0	1,31714E-05	4,14712E-05	2,87804E-05	0	0
0,0852	-1,0179	-2,87804E-05	0	0	1,06285E-05	4,09016E-05	3,06609E-05	0	0
0,0856	-1,084409	-3,06609E-05	0	0	8,04374E-06	4,01706E-05	3,24204E-05	0	0
0,086	-1,146637	-3,24204E-05	0	0	5,42715E-06	3,9281E-05	3,40519E-05	0	0
0,0864	-1,20434	-3,40519E-05	0	0	2,78915E-06	3,82364E-05	3,5549E-05	0	0
0,0868	-1,25729	-3,5549E-05	0	0	1,40156E-07	3,70409E-05	3,69059E-05	0	0
0,0872	-1,305279	-3,69059E-05	0	0	0	3,56993E-05	3,81171E-05	2,5094E-06	0
0,0876	-1,348116	-3,81171E-05	0	0	0	3,42167E-05	3,91778E-05	5,14904E-06	0
0,088	-1,385632	-3,91778E-05	0	0	0	3,25991E-05	4,0084E-05	7,76837E-06	0
0,0884	-1,41768	-4,0084E-05	0	0	0	3,08528E-05	4,08319E-05	1,03571E-05	0
0,0888	-1,444133	-4,08319E-05	0	0	0	2,89848E-05	4,14187E-05	1,29049E-05	0
0,0892	-1,464887	-4,14187E-05	0	0	0	2,70024E-05	4,18421E-05	1,54017E-05	0
0,0896	-1,47986	-4,18421E-05	0	0	0	2,49134E-05	4,21003E-05	1,78378E-05	0
0,09	-1,488992	-4,21003E-05	0	0	0	2,27261E-05	4,21923E-05	2,02035E-05	0
0,0904	-1,492248	-4,21923E-05	0	0	0	2,04491E-05	4,21178E-05	2,24894E-05	0
0,0908	-1,489614	-4,21178E-05	0	0	0	1,80914E-05	4,18772E-05	2,46866E-05	0
0,0912	-1,481102	-4,18772E-05	0	0	0	1,56623E-05	4,14712E-05	2,67864E-05	0
0,0916	-1,466745	-4,14712E-05	0	0	0	1,31714E-05	4,09016E-05	2,87804E-05	0
0,092	-1,446599	-4,09016E-05	0	0	0	1,06285E-05	4,01706E-05	3,06609E-05	0
0,0924	-1,420744	-4,01706E-05	0	0	0	8,04374E-06	3,9281E-05	3,24204E-05	0
0,0928	-1,389282	-3,9281E-05	0	0	0	5,42715E-06	3,82364E-05	3,40519E-05	0
0,0932	-1,352337	-3,82364E-05	0	0	0	2,78915E-06	3,70409E-05	3,5549E-05	0
0,0936	-1,310055	-3,70409E-05	0	0	0	1,40156E-07	3,56993E-05	3,69059E-05	2,5094E-06
0,094	-1,262603	-3,56993E-05	0	0	0	0	3,42167E-05	3,81171E-05	5,14904E-06
0,0944	-1,210167	-3,42167E-05	0	0	0	0	3,25991E-05	3,91778E-05	7,76837E-06
0,0948	-1,152956	-3,25991E-05	0	0	0	0	3,08528E-05	4,0084E-05	1,03571E-05
0,0952	-1,091195	-3,08528E-05	0	0	0	0	2,89848E-05	4,08319E-05	1,29049E-05
0,0956	-1,025127	-2,89848E-05	0	0	0	0	2,70024E-05	4,14187E-05	1,54017E-05
0,096	-0,955014	-2,70024E-05	0	0	0	0	2,49134E-05	4,18421E-05	1,78378E-05
0,0964	-0,881131	-2,49134E-05	0	0	0	0	2,27261E-05	4,21003E-05	2,02035E-05
0,0968	-0,803772	-2,27261E-05	0	0	0	0	2,04491E-05	4,21923E-05	2,24894E-05
0,0972	-0,72324	-2,04491E-05	0	0	0	0	1,80914E-05	4,21178E-05	2,46866E-05
0,0976	-0,639853	-1,80914E-05	0	0	0	0	1,56623E-05	4,18772E-05	2,67864E-05
0,098	-0,553942	-1,56623E-05	0	0	0	0	1,31714E-05	4,14712E-05	2,87804E-05
0,0984	-0,465844	-1,31714E-05	0	0	0	0	1,06285E-05	4,09016E-05	3,06609E-05
0,0988	-0,375908	-1,06285E-05	0	0	0	0	8,04374E-06	4,01706E-05	3,24204E-05
0,0992	-0,284489	-8,04374E-06	0	0	0	0	5,42715E-06	3,9281E-05	3,40519E-05
0,0996	-0,191946	-5,42715E-06	0	0	0	0	2,78915E-06	3,82364E-05	3,5549E-05
0,1	-0,098646	-2,78915E-06	0	0	0	0	1,40156E-07	3,70409E-05	3,69059E-05
0,1004	-0,004957	-1,40156E-07	0	0	0	0	0	3,56993E-05	3,81171E-05
0,1008	0,088752	2,5094E-06	2,5094E-06	2,5094E-06	0	0	0	3,42167E-05	3,91778E-05
0,1012	0,18211	5,14904E-06	5,14904E-06	5,14904E-06	0	0	0	3,25991E-05	4,0084E-05
0,1016	0,27475	7,76837E-06	7,76837E-06	7,76837E-06	0	0	0	3,08528E-05	4,08319E-05
0,102	0,366306	1,03571E-05	1,03571E-05	1,03571E-05	0	0	0	2,89848E-05	4,14187E-05
0,1024	0,456416	1,29049E-05	1,29049E-05	1,29049E-05	0	0	0	2,70024E-05	4,18421E-05
0,1028	0,544724	1,54017E-05	1,54017E-05	1,54017E-05	0	0	0	2,49134E-05	4,21003E-05
0,1032	0,630883	1,78378E-05	1,78378E-05	1,78378E-05	0	0	0	2,27261E-05	4,21923E-05
0,1036	0,714552	2,02035E-05	2,02035E-05	2,02035E-05	0	0	0	2,04491E-05	4,21178E-05
0,104	0,795401	2,24894E-05	2,24894E-05	2,24894E-05	0	0	0	1,80914E-05	4,18772E-05
0,1044	0,873111	2,46866E-05	2,46866E-05	2,46866E-05	0	0	0	1,56623E-05	4,14712E-05
0,1048	0,947375	2,67864E-05	2,67864E-05	2,67864E-05	0	0	0	1,31714E-05	4,09016E-05
0,1052	1,0179	2,87804E-05	2,87804E-05	2,87804E-05	0	0	0	1,06285E-05	4,01706E-05
0,1056	1,084409	3,06609E-05	3,06609E-05	3,06609E-05	0	0	0	8,04374E-06	3,9281E-05
0,106	1,146637	3,24204E-05	3,24204E-05	3,24204E-05	0	0	0	5,42715E-06	3,82364E-05
0,1064	1,20434	3,40519E-05	3,40519E-05	3,40519E-05	0	0	0	2,78915E-06	3,70409E-05
0,1068	1,25729	3,5549E-05	3,5549E-05	3,5549E-05	0	0	0	1,40156E-07	3,56993E-05
0,1072	1,305279	3,69059E-05	3,69059E-05	3,69059E-05	2,5094E-06	0	0	0	3,42167E-05
0,1076	1,348116	3,81171E-05	3,81171E-05	3,81171E-05	5,14904E-06	0	0	0	3,25991E-05
0,108	1,385632	3,91778E-05	3,91778E-05	3,91778E-05	7,76837E-06	0	0	0	3,08528E-05
0,1084	1,41768	4,0084E-05	4,0084E-05	4,0084E-05	1,03571E-05	0	0	0	2,89848E-05
0,1088	1,444133	4,08319E-05	4,08319E-05	4,08319E-05	1,29049E-05	0	0	0	2,70024E-05
0,1092	1,464887	4,14187E-05	4,14187E-05	4,14187E-05	1,54017E-05	0	0	0	2,49134E-05
0,1096	1,47986	4,18421E-05	4,18421E-05	4,18421E-05	1,78378E-05	0	0	0	2,27261E-05
0,11	1,488992	4,21003E-05	4,21003E-05	4,21003E-05	2,02035E-05	0	0	0	2,04491E-05
0,1104	1,492248	4,21923E-05	4,21923E-05	4,21923E-05	2,24894E-05	0	0	0	1,80914E-05
0,1108	1,489614	4,21178E-05	4,21178E-05	4,21178E-05	2,46866E-05	0	0	0	1,56623E-05
0,1112	1,481102	4,18772E-05	4,18772E-05	4,18772E-05	2,67864E-05	0	0	0	1,31714E-05
0,1116	1,466745	4,14712E-05	4,14712E-05	4,14712E-05	2,87804E-05	0	0	0	1,06285E-05
0,112	1,446599	4,09016E-05	4,09016E-05	4,09016E-05	3,06609E-05	0	0	0	8,04374E-06
0,1124	1,420744	4,01706E-05	4,01706E-05	4,01706E-05	3,24204E-05	0	0	0	5,42715E-06
0,1128	1,389282	3,9281E-05	3,9281E-05	3,9281E-05	3,40519E-05	0	0	0	2,78915E-06
0,1132	1,352337	3,82364E-05	3,82364E-05	3,82364E-05	3,5549E-05	0	0	0	1,40156E-07
0,1136	1,310055	3,70409E-05	3,70409E-05	3,70409E-05	3,69059E-05	0	0	0	0
0,114	1,262603	3,56993E-05	3,56993E-05	3,56993E-05	3,81171E-05	2,5094E-06	0	0	0
0,1144	1,210167	3,42167E-05	3,42167E-05	3,42167E-05	3,91778E-05	5,14904E-06	0	0	0
0,1148	1,152956	3,25991E-05	3,25991E-05	3,25991E-05	4,0084E-05	7,76837E-06	0	0	0
0,1152	1,091195	3,08528E-05	3,08528E-05	3,08528E-05	4,08319E-05	1,03571E-05	0	0	0
0,1156	1,025127	2,89848E-05	2,89848E-05	2,89848E-05	4,14187E-05	1,29049E-05	0	0	0
0,116	0,955014	2,70024E-05	2,70024E-05	2,70024E-05	4,18421E-05	1,54017E-05	0	0	0
0,1164	0,881131	2,49134E-05	2,49134E-05	2,49134E-05	4,21003E-05	1,78378E-05	0	0	0
0,1168	0,803772	2,27261E-05	2,27261E-05	2,27261E-05	4,21923E-05	2,02035E-05	0	0	0
0,1172	0,72324	2,04491E-05	2,04491E-05	2,04491E-05	4,21178E-05	2,24894E-05	0	0	0
0,1176	0,639853	1,80914E-05	1,80914E-05	1,80914E-05	4,18772E-05	2,46866E-05	0	0	0
0,118	0,553942	1,56623E-05	1,56623E-05	1,56623E-05	4,14712E-05	2,67864E-05	0	0	0
0,1184	0,465844	1,31714E-05	1,31714E-05	1,31714E-05	4,09016E-05	2,87804E-05	0	0	0
0,1188	0,375908	1,06285E-05	1,06285E-05	1,06285E-05	4,01706E-05	3,06609E-05	0	0	0
0,1192	0,284489	8,04374E-06	8,04374E-06	8,04374E-06	3,9281E-05	3,24204E-05	0	0	0
0,1196	0,191946	5,42715E-06	5,42715E-06	5,42715E-06	3,82364E-05	3,40519E-05	0	0	0
0,12	0,098646	2,78915E-06	2,78915E-06	2,78915E-06	3,70409E-05	3,5549E-05	0	0	0
0,1204	0,004957	1,40156E-07	1,40156E-07	1,40156E-07	3,56993E-05	3,69059E-05	2,5094E-06	0	0
0,1208	-0,088752	-2,5094E-06	0	0	3,42167E-05	3,81171E-05	5,14904E-06	0	0
0,1212	-0,18211	-5,14904E-06	0	0	3,25991E-05	3,91778E-05	7,76837E-06	0	0
0,1216	-0,27475	-7,76837E-06	0	0	3,08528E-05	4,0084E-05	1,03571E-05	0	0
0,122	-0,366306	-1,03571E-05	0	0	2,89848E-05	4,08319E-05	1,29049E-05	0	0
0,1224	-0,456416	-1,29049E-05	0	0	2,70024E-05	4,14187E-05	1,54017E-05	0	0
0,1228	-0,544724	-1,54017E-05	0	0	2,49134E-05	4,18421E-05	1,78378E-05	0	0
0,1232	-0,630883	-1,78378E-05	0	0	2,27261E-05	4,21003E-05	2,02035E-05	0	0
0,1236	-0,714552	-2,02035E-05	0	0	2,04491E-05	4,21923E-05	2,24894E-05	0	0
0,124	-0,795401	-2,24894E-05	0	0	1,80914E-05	4,21178E-05	2,46866E-05	0	0
0,1244	-0,873111	-2,46866E-05	0	0	1,56623E-05	4,18772E-05	2,67864E-05	0	0
0,1248	-0,947375	-2,67864E-05	0	0	1,31714E-05	4,14712E-05	2,87804E-05	0	0
0,1252	-1,0179	-2,87804E-05	0	0	1,06285E-05	4,09016E-05	3,06609E-05	0	0
0,1256	-1,084409	-3,06609E-05	0	0	8,04374E-06	4,01706E-05	3,24204E-05	0	0
0,126	-1,146637	-3,24204E-05	0	0	5,42715E-06	3,9281E-05	3,40519E-05	0	0
0,1264	-1,20434	-3,40519E-05	0	0	2,78915E-06	3,82364E-05	3,5549E-05	0	0
0,1268	-1,25729	-3,5549E-05	0	0	1,40156E-07	3,70409E-05	3,69059E-05	0	0
0,1272	-1,305279	-3,69059E-05	0	0	0	3,56993E-05	3,81171E-05	2,5094E-06	0
0,1276	-1,348116	-3,81171E-05	0	0	0	3,42167E-05	3,91778E-05	5,14904E-06	0
0,128	-1,385632	-3,91778E-05	0	0	0	3,25991E-05	4,0084E-05	7,76837E-06	0
0,1284	-1,41768	-4,0084E-05	0	0	0	3,08528E-05	4,08319E-05	1,03571E-05	0
0,1288	-1,444133	-4,08319E-05	0	0	0	2,89848E-05	4,14187E-05	1,29049E-05	0
0,1292	-1,464887	-4,14187E-05	0	0	0	2,70024E-05	4,18421E-05	1,54017E-05	0
0,1296	-1,47986	-4,18421E-05	0	0	0	2,49134E-05	4,21003E-05	1,78378E-05	0
0,13	-1,488992	-4,21003E-05	0	0	0	2,27261E-05	4,21923E-05	2,02035E-05	0
0,1304	-1,492248	-4,21923E-05	0	0	0	2,04491E-05	4,21178E-05	2,24894E-05	0
0,1308	-1,489614	-4,21178E-05	0	0	0	1,80914E-05	4,18772E-05	2,46866E-05	0
0,1312	-1,481102	-4,18772E-05	0	0	0	1,56623E-05	4,14712E-05	2,67864E-05	0
0,1316	-1,466745	-4,14712E-05	0	0	0	1,31714E-05	4,09016E-05	2,87804E-05	0
0,132	-1,446599	-4,09016E-05	0	0	0	1,06285E-05	4,01706E-05	3,06609E-05	0
0,1324	-1,420744	-4,01706E-05	0	0	0	8,04374E-06	3,9281E-05	3,24204E-05	0
0,1328	-1,389282	-3,9281E-05	0	0	0	5,42715E-06	3,82364E-05	3,40519E-05	0
0,1332	-1,352337	-3,82364E-05	0	0	0	2,78915E-06	3,70409E-05	3,5549E-05	0
0,1336	-1,310055	-3,70409E-05	0	0	0	1,40156E-07	3,56993E-05	3,69059E-05	2,5094E-06
0,134	-1,262603	-3,56993E-05	0	0	0	0	3,42167E-05	3,81171E-05	5,14904E-06
0,1344	-1,210167	-3,42167E-05	0	0	0	0	3,25991E-05	3,91778E-05	7,76837E-06
0,1348	-1,152956	-3,25991E-05	0	0	0	0	3,08528E-05	4,0084E-05	1,03571E-05
0,1352	-1,091195	-3,08528E-05	0	0	0	0	2,89848E-05	4,08319E-05	1,29049E-05
0,1356	-1,025127	-2,89848E-05	0	0	0	0	2,70024E-05	4,14187E-05	1,54017E-05
0,136	-0,955014	-2,70024E-05	0	0	0	0	2,49134E-05	4,18421E-05	1,78378E-05
0,1364	-0,881131	-2,49134E-05	0	0	0	0	2,27261E-05	4,21003E-05	2,02035E-05
0,1368	-0,803772	-2,27261E-05	0	0	0	0	2,04491E-05	4,21923E-05	2,24894E-05
0,1372	-0,72324	-2,04491E-05	0	0	0	0	1,80914E-05	4,21178E-05	2,46866E-05
0,1376	-0,639853	-1,80914E-05	0	0	0	0	1,56623E-05	4,18772E-05	2,67864E-05
0,138	-0,553942	-1,56623E-05	0	0	0	0	1,31714E-05	4,14712E-05	2,87804E-05
0,1384	-0,465844	-1,31714E-05	0	0	0	0	1,06285E-05	4,09016E-05	3,06609E-05
0,1388	-0,375908	-1,06285E-05	0	0	0	0	8,04374E-06	4,01706E-05	3,24204E-05
0,1392	-0,284489	-8,04374E-06	0	0	0	0	5,42715E-06	3,9281E-05	3,40519E-05
0,1396	-0,191946	-5,42715E-06	0	0	0	0	2,78915E-06	3,82364E-05	3,5549E-05
0,14	-0,098646	-2,78915E-06	0	0	0	0	1,40156E-07	3,70409E-05	3,69059E-05
0,1404	-0,004957	-1,40156E-07	0	0	0	0	0	3,56993E-05	3,81171E-05
0,1408	0,088752	2,5094E-06	2,5094E-06	2,5094E-06	0	0	0	3,42167E-05	3,91778E-05
0,1412	0,18211	5,14904E-06	5,14904E-06	5,14904E-06	0	0	0	3,25991E-05	4,0084E-05
0,1416	0,27475	7,76837E-06	7,76837E-06	7,76837E-06	0	0	0	3,08528E-05	4,08319E-05
0,142	0,366306	1,03571E-05	1,03571E-05	1,03571E-05	0	0	0	2,89848E-05	4,14187E-05
0,1424	0,456416	1,29049E-05	1,29049E-05	1,29049E-05	0	0	0	2,70024E-05	4,18421E-05
0,1428	0,544724	1,54017E-05	1,54017E-05	1,54017E-05	0	0	0	2,49134E-05	4,21003E-05
0,1432	0,630883	1,78378E-05	1,78378E-05	1,78378E-05	0	0	0	2,27261E-05	4,21923E-05
0,1436	0,714552	2,02035E-05	2,02035E-05	2,02035E-05	0	0	0	2,04491E-05	4,21178E-05
0,144	0,795401	2,24894E-05	2,24894E-05	2,24894E-05	0	0	0	1,80914E-05	4,18772E-05
0,1444	0,873111	2,46866E-05	2,46866E-05	2,46866E-05	0	0	0	1,56623E-05	4,14712E-05
0,1448	0,947375	2,67864E-05	2,67864E-05	2,67864E-05	0	0	0	1,31714E-05	4,09016E-05
0,1452	1,0179	2,87804E-05	2,87804E-05	2,87804E-05	0	0	0	1,06285E-05	4,01706E-05
0,1456	1,084409	3,06609E-05	3,06609E-05	3,06609E-05	0	0	0	8,04374E-06	3,9281E-05
0,146	1,146637	3,24204E-05	3,24204E-05	3,24204E-05	0	0	0	5,42715E-06	3,82364E-05
0,1464	1,20434	3,40519E-05	3,40519E-05	3,40519E-05	0	0	0	2,78915E-06	3,70409E-05
0,1468	1,25729	3,5549E-05	3,5549E-05	3,5549E-05	0	0	0	1,40156E-07	3,56993E-05
0,1472	1,305279	3,69059E-05	3,69059E-05	3,69059E-05	2,5094E-06	0	0	0	3,42167E-05
0,1476	1,348116	3,81171E-05	3,81171E-05	3,81171E-05	5,14904E-06	0	0	0	3,25991E-05
0,148	1,385632	3,91778E-05	3,91778E-05	3,91778E-05	7,76837E-06	0	0	0	3,08528E-05
0,1484	1,41768	4,0084E-05	4,0084E-05	4,0084E-05	1,03571E-05	0	0	0	2,89848E-05
0,1488	1,444133	4,08319E-05	4,08319E-05	4,08319E-05	1,29049E-05	0	0	0	2,70024E-05
0,1492	1,464887	4,14187E-05	4,14187E-05	4,14187E-05	1,54017E-05	0	0	0	2,49134E-05
0,1496	1,47986	4,18421E-05	4,18421E-05	4,18421E-05	1,78378E-05	0	0	0	2,27261E-05
0,15	1,488992	4,21003E-05	4,21003E-05	4,21003E-05	2,02035E-05	0	0	0	2,04491E-05
0,1504	1,492248	4,21923E-05	4,21923E-05	4,21923E-05	2,24894E-05	0	0	0	1,80914E-05
0,1508	1,489614	4,21178E-05	4,21178E-05	4,21178E-05	2,46866E-05	0	0	0	1,56623E-05
0,1512	1,481102	4,18772E-05	4,18772E-05	4,18772E-05	2,67864E-05	0	0	0	1,31714E-05
0,1516	1,466745	4,14712E-05	4,14712E-05	4,14712E-05	2,87804E-05	0	0	0	1,06285E-05
0,152	1,446599	4,09016E-05	4,09016E-05	4,09016E-05	3,06609E-05	0	0	0	8,04374E-06
0,1524	1,420744	4,01706E-05	4,01706E-05	4,01706E-05	3,24204E-05	0	0	0	5,42715E-06
0,1528	1,389282	3,9281E-05	3,9281E-05	3,9281E-05	3,40519E-05	0	0	0	2,78915E-06
0,1532	1,352337	3,82364E-05	3,82364E-05	3,82364E-05	3,5549E-05	0	0	0	1,40156E-07
0,1536	1,310055	3,70409E-05	3,70409E-05	3,70409E-05	3,69059E-05	0	0	0	0
0,154	1,262603	3,56993E-05	3,56993E-05	3,56993E-05	3,81171E-05	2,5094E-06	0	0	0
0,1544	1,210167	3,42167E-05	3,42167E-05	3,42167E-05	3,91778E-05	5,14904E-06	0	0	0
0,1548	1,152956	3,25991E-05	3,25991E-05	3,25991E-05	4,0084E-05	7,76837E-06	0	0	0
0,1552	1,091195	3,08528E-05	3,08528E-05	3,08528E-05	4,08319E-05	1,03571E-05	0	0	0
0,1556	1,025127	2,89848E-05	2,89848E-05	2,89848E-05	4,14187E-05	1,29049E-05	0	0	0
0,156	0,955014	2,70024E-05	2,70024E-05	2,70024E-05	4,18421E-05	1,54017E-05	0	0	0
0,1564	0,881131	2,49134E-05	2,49134E-05	2,49134E-05	4,21003E-05	1,78378E-05	0	0	0
0,1568	0,803772	2,27261E-05	2,27261E-05	2,27261E-05	4,21923E-05	2,02035E-05	0	0	0
0,1572	0,72324	2,04491E-05	2,04491E-05	2,04491E-05	4,21178E-05	2,24894E-05	0	0	0
0,1576	0,639853	1,80914E-05	1,80914E-05	1,80914E-05	4,18772E-05	2,46866E-05	0	0	0
0,158	0,553942	1,56623E-05	1,56623E-05	1,56623E-05	4,14712E-05	2,67864E-05	0	0	0
0,1584	0,465844	1,31714E-05	1,31714E-05	1,31714E-05	4,09016E-05	2,87804E-05	0	0	0
0,1588	0,375908	1,06285E-05	1,06285E-05	1,06285E-05	4,01706E-05	3,06609E-05	0	0	0
0,1592	0,284489	8,04374E-06	8,04374E-06	8,04374E-06	3,9281E-05	3,24204E-05	0	0	0
0,1596	0,191946	5,42715E-06	5,42715E-06	5,42715E-06	3,82364E-05	3,40519E-05	0	0	0
0,16	0,098646	2,78915E-06	2,78915E-06	2,78915E-06	3,70409E-05	3,5549E-05	0	0	0
0,1604	0,004957	1,40156E-07	1,40156E-07	1,40156E-07	3,56993E-05	3,69059E-05	2,5094E-06	0	0
0,1608	-0,088752	-2,5094E-06	0	0	3,42167E-05	3,81171E-05	5,14904E-06	0	0
0,1612	-0,18211	-5,14904E-06	0	0	3,25991E-05	3,91778E-05	7,76837E-06	0	0
0,1616	-0,27475	-7,76837E-06	0	0	3,08528E-05	4,0084E-05	1,03571E-05	0	0
0,162	-0,366306	-1,03571E-05	0	0	2,89848E-05	4,08319E-05	1,29049E-05	0	0
0,1624	-0,456416	-1,29049E-05	0	0	2,70024E-05	4,14187E-05	1,54017E-05	0	0
0,1628	-0,544724	-1,54017E-05	0	0	2,49134E-05	4,18421E-05	1,78378E-05	0	0
0,1632	-0,630883	-1,78378E-05	0	0	2,27261E-05	4,21003E-05	2,02035E-05	0	0
0,1636	-0,714552	-2,02035E-05	0	0	2,04491E-05	4,21923E-05	2,24894E-05	0	0
0,164	-0,795401	-2,24894E-05	0	0	1,80914E-05	4,21178E-05	2,46866E-05	0	0
0,1644	-0,873111	-2,46866E-05	0	0	1,56623E-05	4,18772E-05	2,67864E-05	0	0
0,1648	-0,947375	-2,67864E-05	0	0	1,31714E-05	4,14712E-05	2,87804E-05	0	0
0,1652	-1,0179	-2,87804E-05	0	0	1,06285E-05	4,09016E-05	3,06609E-05	0	0
0,1656	-1,084409	-3,06609E-05	0	0	8,04374E-06	4,01706E-05	3,24204E-05	0	0
0,166	-1,146637	-3,24204E-05	0	0	5,42715E-06	3,9281E-05	3,40519E-05	0	0
0,1664	-1,20434	-3,40519E-05	0	0	2,78915E-06	3,82364E-05	3,5549E-05	0	0
0,1668	-1,25729	-3,5549E-05	0	0	1,40156E-07	3,70409E-05	3,69059E-05	0	0
0,1672	-1,305279	-3,69059E-05	0	0	0	3,56993E-05	3,81171E-05	2,5094E-06	0
0,1676	-1,348116	-3,81171E-05	0	0	0	3,42167E-05	3,91778E-05	5,14904E-06	0
0,168	-1,385632	-3,91778E-05	0	0	0	3,25991E-05	4,0084E-05	7,76837E-06	0
0,1684	-1,41768	-4,0084E-05	0	0	0	3,08528E-05	4,08319E-05	1,03571E-05	0
0,1688	-1,444133	-4,08319E-05	0	0	0	2,89848E-05	4,14187E-05	1,29049E-05	0
0,1692	-1,464887	-4,14187E-05	0	0	0	2,70024E-05	4,18421E-05	1,54017E-05	0
0,1696	-1,47986	-4,18421E-05	0	0	0	2,49134E-05	4,21003E-05	1,78378E-05	0
0,17	-1,488992	-4,21003E-05	0	0	0	2,27261E-05	4,21923E-05	2,02035E-05	0
0,1704	-1,492248	-4,21923E-05	0	0	0	2,04491E-05	4,21178E-05	2,24894E-05	0
0,1708	-1,489614	-4,21178E-05	0	0	0	1,80914E-05	4,18772E-05	2,46866E-05	0
0,1712	-1,481102	-4,18772E-05	0	0	0	1,56623E-05	4,14712E-05	2,67864E-05	0
0,1716	-1,466745	-4,14712E-05	0	0	0	1,31714E-05	4,09016E-05	2,87804E-05	0
0,172	-1,446599	-4,09016E-05	0	0	0	1,06285E-05	4,01706E-05	3,06609E-05	0
0,1724	-1,420744	-4,01706E-05	0	0	0	8,04374E-06	3,9281E-05	3,24204E-05	0
0,1728	-1,389282	-3,9281E-05	0	0	0	5,42715E-06	3,82364E-05	3,40519E-05	0
0,1732	-1,352337	-3,82364E-05	0	0	0	2,78915E-06	3,70409E-05	3,5549E-05	0
0,1736	-1,310055	-3,70409E-05	0	0	0	1,40156E-07	3,56993E-05	3,69059E-05	2,5094E-06
0,174	-1,262603	-3,56993E-05	0	0	0	0	3,42167E-05	3,81171E-05	5,14904E-06
0,1744	-1,210167	-3,42167E-05	0	0	0	0	3,25991E-05	3,91778E-05	7,76837E-06
0,1748	-1,152956	-3,25991E-05	0	0	0	0	3,08528E-05	4,0084E-05	1,03571E-05
0,1752	-1,091195	-3,08528E-05	0	0	0	0	2,89848E-05	4,08319E-05	1,29049E-05
0,1756	-1,025127	-2,89848E-05	0	0	0	0	2,70024E-05	4,14187E-05	1,54017E-05
0,176	-0,955014	-2,70024E-05	0	0	0	0	2,49134E-05	4,18421E-05	1,78378E-05
0,1764	-0,881131	-2,49134E-05	0	0	0	0	2,27261E-05	4,21003E-05	2,02035E-05
0,1768	-0,803772	-2,27261E-05	0	0	0	0	2,04491E-05	4,21923E-05	2,24894E-05
0,1772	-0,72324	-2,04491E-05	0	0	0	0	1,80914E-05	4,21178E-05	2,46866E-05
0,1776	-0,639853	-1,80914E-05	0	0	0	0	1,56623E-05	4,18772E-05	2,67864E-05
0,178	-0,553942	-1,56623E-05	0	0	0	0	1,31714E-05	4,14712E-05	2,87804E-05
0,1784	-0,465844	-1,31714E-05	0	0	0	0	1,06285E-05	4,09016E-05	3,06609E-05
0,1788	-0,375908	-1,06285E-05	0	0	0	0	8,04374E-06	4,01706E-05	3,24204E-05
0,1792	-0,284489	-8,04374E-06	0	0	0	0	5,42715E-06	3,9281E-05	3,40519E-05
0,1796	-0,191946	-5,42715E-06	0	0	0	0	2,78915E-06	3,82364E-05	3,5549E-05
0,18	-0,098646	-2,78915E-06	0	0	0	0	1,40156E-07	3,70409E-05	3,69059E-05
0,1804	-0,004957	-1,40156E-07	0	0	0	0	0	3,56993E-05	3,81171E-05
0,1808	0,088752	2,5094E-06	2,5094E-06	2,5094E-06	0	0	0	3,42167E-05	3,91778E-05
0,1812	0,18211	5,14904E-06	5,14904E-06	5,14904E-06	0	0	0	3,25991E-05	4,0084E-05
0,1816	0,27475	7,76837E-06	7,76837E-06	7,76837E-06	0	0	0	3,08528E-05	4,08319E-05
0,182	0,366306	1,03571E-05	1,03571E-05	1,03571E-05	0	0	0	2,89848E-05	4,14187E-05
0,1824	0,456416	1,29049E-05	1,29049E-05	1,29049E-05	0	0	0	2,70024E-05	4,18421E-05
0,1828	0,544724	1,54017E-05	1,54017E-05	1,54017E-05	0	0	0	2,49134E-05	4,21003E-05
0,1832	0,630883	1,78378E-05	1,78378E-05	1,78378E-05	0	0	0	2,27261E-05	4,21923E-05
0,1836	0,714552	2,02035E-05	2,02035E-05	2,02035E-05	0	0	0	2,04491E-05	4,21178E-05
0,184	0,795401	2,24894E-05	2,24894E-05	2,24894E-05	0	0	0	1,80914E-05	4,18772E-05
0,1844	0,873111	2,46866E-05	2,46866E-05	2,46866E-05	0	0	0	1,56623E-05	4,14712E-05
0,1848	0,947375	2,67864E-05	2,67864E-05	2,67864E-05	0	0	0	1,31714E-05	4,09016E-05
0,1852	1,0179	2,87804E-05	2,87804E-05	2,87804E-05	0	0	0	1,06285E-05	4,01706E-05
0,1856	1,084409	3,06609E-05	3,06609E-05	3,06609E-05	0	0	0	8,04374E-06	3,9281E-05
0,186	1,146637	3,24204E-05	3,24204E-05	3,24204E-05	0	0	0	5,42715E-06	3,82364E-05
0,1864	1,20434	3,40519E-05	3,40519E-05	3,40519E-05	0	0	0	2,78915E-06	3,70409E-05
0,1868	1,25729	3,5549E-05	3,5549E-05	3,5549E-05	0	0	0	1,40156E-07	3,56993E-05
0,1872	1,305279	3,69059E-05	3,69059E-05	3,69059E-05	2,5094E-06	0	0	0	3,42167E-05
0,1876	1,348116	3,81171E-05	3,81171E-05	3,81171E-05	5,14904E-06	0	0	0	3,25991E-05
0,188	1,385632	3,91778E-05	3,91778E-05	3,91778E-05	7,76837E-06	0	0	0	3,08528E-05
0,1884	1,41768	4,0084E-05	4,0084E-05	4,0084E-05	1,03571E-05	0	0	0	2,89848E-05
0,1888	1,444133	4,08319E-05	4,08319E-05	4,08319E-05	1,29049E-05	0	0	0	2,70024E-05
0,1892	1,464887	4,14187E-05	4,14187E-05	4,14187E-05	1,54017E-05	0	0	0	2,49134E-05
0,1896	1,47986	4,18421E-05	4,18421E-05	4,18421E-05	1,78378E-05	0	0	0	2,27261E-05
0,19	1,488992	4,21003E-05	4,21003E-05	4,21003E-05	2,02035E-05	0	0	0	2,04491E-05
0,1904	1,492248	4,21923E-05	4,21923E-05	4,21923E-05	2,24894E-05	0	0	0	1,80914E-05
0,1908	1,489614	4,21178E-05	4,21178E-05	4,21178E-05	2,46866E-05	0	0	0	1,56623E-05
0,1912	1,481102	4,18772E-05	4,18772E-05	4,18772E-05	2,67864E-05	0	0	0	1,31714E-05
0,1916	1,466745	4,14712E-05	4,14712E-05	4,14712E-05	2,87804E-05	0	0	0	1,06285E-05
0,192	1,446599	4,09016E-05	4,09016E-05	4,09016E-05	3,06609E-05	0	0	0	8,04374E-06
0,1924	1,420744	4,01706E-05	4,01706E-05	4,01706E-05	3,24204E-05	0	0	0	5,42715E-06
0,1928	1,389282	3,9281E-05	3,9281E-05	3,9281E-05	3,40519E-05	0	0	0	2,78915E-06
0,1932	1,352337	3,82364E-05	3,82364E-05	3,82364E-05	3,5549E-05	0	0	0	1,40156E-07
0,1936	1,310055	3,70409E-05	3,70409E-05	3,70409E-05	3,69059E-05	0	0	0	0
0,194	1,262603	3,56993E-05	3,56993E-05	3,56993E-05	3,81171E-05	2,5094E-06	0	0	0
0,1944	1,210167	3,42167E-05	3,42167E-05	3,42167E-05	3,91778E-05	5,14904E-06	0	0	0
0,1948	1,152956	3,25991E-05	3,25991E-05	3,25991E-05	4,0084E-05	7,76837E-06	0	0	0
0,1952	1,091195	3,08528E-05	3,08528E-05	3,08528E-05	4,08319E-05	1,03571E-05	0	0	0
0,1956	1,025127	2,89848E-05	2,89848E-05	2,89848E-05	4,14187E-05	1,29049E-05	0	0	0
0,196	0,955014	2,70024E-05	2,70024E-05	2,70024E-05	4,18421E-05	1,54017E-05	0	0	0
0,1964	0,881131	2,49134E-05	2,49134E-05	2,49134E-05	4,21003E-05	1,78378E-05	0	0	0
0,1968	0,803772	2,27261E-05	2,27261E-05	2,27261E-05	4,21923E-05	2,02035E-05	0	0	0
0,1972	0,72324	2,04491E-05	2,04491E-05	2,04491E-05	4,21178E-05	2,24894E-05	0	0	0
0,1976	0,639853	1,80914E-05	1,80914E-05	1,80914E-05	4,18772E-05	2,46866E-05	0	0	0
0,198	0,553942	1,56623E-05	1,56623E-05	1,56623E-05	4,14712E-05	2,67864E-05	0	0	0
0,1984	0,465844	1,31714E-05	1,31714E-05	1,31714E-05	4,09016E-05	2,87804E-05	0	0	0
0,1988	0,375908	1,06285E-05	1,06285E-05	1,06285E-05	4,01706E-05	3,06609E-05	0	0	0
0,1992	0,284489	8,04374E-06	8,04374E-06	8,04374E-06	3,9281E-05	3,24204E-05	0	0	0
0,1996	0,191946	5,42715E-06	5,42715E-06	5,42715E-06	3,82364E-05	3,40519E-05	0	0	0
0,2	0,098646	2,78915E-06	2,78915E-06	2,78915E-06	3,70409E-05	3,5549E-05	0	0	0
0,2004	0,004957	1,40156E-07	1,40156E-07	1,40156E-07	3,56993E-05	3,69059E-05	2,5094E-06	0	0
0,2008	-0,088752	-2,5094E-06	0	0	3,42167E-05	3,81171E-05	5,14904E-06	0	0
0,2012	-0,18211	-5,14904E-06	0	0	3,25991E-05	3,91778E-05	7,76837E-06	0	0
0,2016	-0,27475	-7,76837E-06	0	0	3,08528E-05	4,0084E-05	1,03571E-05	0	0
0,202	-0,366306	-1,03571E-05	0	0	2,89848E-05	4,08319E-05	1,29049E-05	0	0
0,2024	-0,456416	-1,29049E-05	0	0	2,70024E-05	4,14187E-05	1,54017E-05	0	0
0,2028	-0,544724	-1,54017E-05	0	0	2,49134E-05	4,18421E-05	1,78378E-05	0	0
0,2032	-0,630883	-1,78378E-05	0	0	2,27261E-05	4,21003E-05	2,02035E-05	0	0
0,2036	-0,714552	-2,02035E-05	0	0	2,04491E-05	4,21923E-05	2,24894E-05	0	0
0,204	-0,795401	-2,24894E-05	0	0	1,80914E-05	4,21178E-05	2,46866E-05	0	0
0,2044	-0,873111	-2,46866E-05	0	0	1,56623E-05	4,18772E-05	2,67864E-05	0	0
0,2048	-0,947375	-2,67864E-05	0	0	1,31714E-05	4,14712E-05	2,87804E-05	0	0
0,2052	-1,0179	-2,87804E-05	0	0	1,06285E-05	4,09016E-05	3,06609E-05	0	0
0,2056	-1,084409	-3,06609E-05	0	0	8,04374E-06	4,01706E-05	3,24204E-05	0	0
0,206	-1,146637	-3,24204E-05	0	0	5,42715E-06	3,9281E-05	3,40519E-05	0	0
0,2064	-1,20434	-3,40519E-05	0	0	2,78915E-06	3,82364E-05	3,5549E-05	0	0
0,2068	-1,25729	-3,5549E-05	0	0	1,40156E-07	3,70409E-05	3,69059E-05	0	0
0,2072	-1,305279	-3,69059E-05	0	0	0	3,56993E-05	3,81171E-05	2,5094E-06	0
0,2076	-1,348116	-3,81171E-05	0	0	0	3,42167E-05	3,91778E-05	5,14904E-06	0
0,208	-1,385632	-3,91778E-05	0	0	0	3,25991E-05	4,0084E-05	7,76837E-06	0
0,2084	-1,41768	-4,0084E-05	0	0	0	3,08528E-05	4,08319E-05	1,03571E-05	0
0,2088	-1,444133	-4,08319E-05	0	0	0	2,89848E-05	4,14187E-05	1,29049E-05	0
0,2092	-1,464887	-4,14187E-05	0	0	0	2,70024E-05	4,18421E-05	1,54017E-05	0
0,2096	-1,47986	-4,18421E-05	0	0	0	2,49134E-05	4,21003E-05	1,78378E-05	0
0,21	-1,488992	-4,21003E-05	0	0	0	2,27261E-05	4,21923E-05	2,02035E-05	0
0,2104	-1,492248	-4,21923E-05	0	0	0	2,04491E-05	4,21178E-05	2,24894E-05	0
0,2108	-1,489614	-4,21178E-05	0	0	0	1,80914E-05	4,18772E-05	2,46866E-05	0
0,2112	-1,481102	-4,18772E-05	0	0	0	1,56623E-05	4,14712E-05	2,67864E-05	0
0,2116	-1,466745	-4,14712E-05	0	0	0	1,31714E-05	4,09016E-05	2,87804E-05	0
0,212	-1,446599	-4,09016E-05	0	0	0	1,06285E-05	4,01706E-05	3,06609E-05	0
0,2124	-1,420744	-4,01706E-05	0	0	0	8,04374E-06	3,9281E-05	3,24204E-05	0
0,2128	-1,389282	-3,9281E-05	0	0	0	5,42715E-06	3,82364E-05	3,40519E-05	0
0,2132	-1,352337	-3,82364E-05	0	0	0	2,78915E-06	3,70409E-05	3,5549E-05	0
0,2136	-1,310055	-3,70409E-05	0	0	0	1,40156E-07	3,56993E-05	3,69059E-05	2,5094E-06
0,214	-1,262603	-3,56993E-05	0	0	0	0	3,42167E-05	3,81171E-05	5,14904E-06
0,2144	-1,210167	-3,42167E-05	0	0	0	0	3,25991E-05	3,91778E-05	7,76837E-06
0,2148	-1,152956	-3,25991E-05	0	0	0	0	3,08528E-05	4,0084E-05	1,03571E-05
0,2152	-1,091195	-3,08528E-05	0	0	0	0	2,89848E-05	4,08319E-05	1,29049E-05
0,2156	-1,025127	-2,89848E-05	0	0	0	0	2,70024E-05	4,14187E-05	1,54017E-05
0,216	-0,955014	-2,70024E-05	0	0	0	0	2,49134E-05	4,18421E-05	1,78378E-05
0,2164	-0,881131	-2,49134E-05	0	0	0	0	2,27261E-05	4,21003E-05	2,02035E-05
0,2168	-0,803772	-2,27261E-05	0	0	0	0	2,04491E-05	4,21923E-05	2,24894E-05
0,2172	-0,72324	-2,04491E-05	0	0	0	0	1,80914E-05	4,21178E-05	2,46866E-05
0,2176	-0,639853	-1,80914E-05	0	0	0	0	1,56623E-05	4,18772E-05	2,67864E-05
0,218	-0,553942	-1,56623E-05	0	0	0	0	1,31714E-05	4,14712E-05	2,87804E-05
0,2184	-0,465844	-1,31714E-05	0	0	0	0	1,06285E-05	4,09016E-05	3,06609E-05
0,2188	-0,375908	-1,06285E-05	0	0	0	0	8,04374E-06	4,01706E-05	3,24204E-05
0,2192	-0,284489	-8,04374E-06	0	0	0	0	5,42715E-06	3,9281E-05	3,40519E-05
0,2196	-0,191946	-5,42715E-06	0	0	0	0	2,78915E-06	3,82364E-05	3,5549E-05
0,22	-0,098646	-2,78915E-06	0	0	0	0	1,40156E-07	3,70409E-05	3,69059E-05
0,2204	-0,004957	-1,40156E-07	0	0	0	0	0	3,56993E-05	3,81171E-05
0,2208	0,088752	2,5094E-06	2,5094E-06	2,5094E-06	0	0	0	3,42167E-05	3,91778E-05
0,2212	0,18211	5,14904E-06	5,14904E-06	5,14904E-06	0	0	0	3,25991E-05	4,0084E-05
0,2216	0,27475	7,76837E-06	7,76837E-06	7,76837E-06	0	0	0	3,08528E-05	4,08319E-05
0,222	0,366306	1,03571E-05	1,03571E-05	1,03571E-05	0	0	0	2,89848E-05	4,14187E-05
0,2224	0,456416	1,29049E-05	1,29049E-05	1,29049E-05	0	0	0	2,70024E-05	4,18421E-05
0,2228	0,544724	1,54017E-05	1,54017E-05	1,54017E-05	0	0	0	2,49134E-05	4,21003E-05
0,2232	0,630883	1,78378E-05	1,78378E-05	1,78378E-05	0	0	0	2,27261E-05	4,21923E-05
0,2236	0,714552	2,02035E-05	2,02035E-05	2,02035E-05	0	0	0	2,04491E-05	4,21178E-05
0,224	0,795401	2,24894E-05	2,24894E-05	2,24894E-05	0	0	0	1,80914E-05	4,18772E-05
0,2244	0,873111	2,46866E-05	2,46866E-05	2,46866E-05	0	0	0	1,56623E-05	4,14712E-05
0,2248	0,947375	2,67864E-05	2,67864E-05	2,67864E-05	0	0	0	1,31714E-05	4,09016E-05
0,2252	1,0179	2,87804E-05	2,87804E-05	2,87804E-05	0	0	0	1,06285E-05	4,01706E-05
0,2256	1,084409	3,06609E-05	3,06609E-05	3,06609E-05	0	0	0	8,04374E-06	3,9281E-05
0,226	1,146637	3,24204E-05	3,24204E-05	3,24204E-05	0	0	0	5,42715E-06	3,82364E-05
0,2264	1,20434	3,40519E-05	3,40519E-05	3,40519E-05	0	0	0	2,78915E-06	3,70409E-05
0,2268	1,25729	3,5549E-05	3,5549E-05	3,5549E-05	0	0	0	1,40156E-07	3,56993E-05
0,2272	1,305279	3,69059E-05	3,69059E-05	3,69059E-05	2,5094E-06	0	0	0	3,42167E-05
0,2276	1,348116	3,81171E-05	3,81171E-05	3,81171E-05	5,14904E-06	0	0	0	3,25991E-05
0,228	1,385632	3,91778E-05	3,91778E-05	3,91778E-05	7,76837E-06	0	0	0	3,08528E-05
0,2284	1,41768	4,0084E-05	4,0084E-05	4,0084E-05	1,03571E-05	0	0	0	2,89848E-05
0,2288	1,444133	4,08319E-05	4,08319E-05	4,08319E-05	1,29049E-05	0	0	0	2,70024E-05
0,2292	1,464887	4,14187E-05	4,14187E-05	4,14187E-05	1,54017E-05	0	0	0	2,49134E-05
0,2296	1,47986	4,18421E-05	4,18421E-05	4,18421E-05	1,78378E-05	0	0	0	2,27261E-05
0,23	1,488992	4,21003E-05	4,21003E-05	4,21003E-05	2,02035E-05	0	0	0	2,04491E-05
0,2304	1,492248	4,21923E-05	4,21923E-05	4,21923E-05	2,24894E-05	0	0	0	1,80914E-05
0,2308	1,489614	4,21178E-05	4,21178E-05	4,21178E-05	2,46866E-05	0	0	0	1,56623E-05
0,2312	1,481102	4,18772E-05	4,18772E-05	4,18772E-05	2,67864E-05	0	0	0	1,31714E-05
0,2316	1,466745	4,14712E-05	4,14712E-05	4,14712E-05	2,87804E-05	0	0	0	1,06285E-05
0,232	1,446599	4,09016E-05	4,09016E-05	4,09016E-05	3,06609E-05	0	0	0	8,04374E-06
0,2324	1,420744	4,01706E-05	4,01706E-05	4,01706E-05	3,24204E-05	0	0	0	5,42715E-06
0,2328	1,389282	3,9281E-05	3,9281E-05	3,9281E-05	3,40519E-05	0	0	0	2,78915E-06
0,2332	1,352337	3,82364E-05	3,82364E-05	3,82364E-05	3,5549E-05	0	0	0	1,40156E-07
0,2336	1,310055	3,70409E-05	3,70409E-05	3,70409E-05	3,69059E-05	0	0	0	0
0,234	1,262603	3,56993E-05	3,56993E-05	3,56993E-05	3,81171E-05	2,5094E-06	0	0	0
0,2344	1,210167	3,42167E-05	3,42167E-05	3,42167E-05	3,91778E-05	5,14904E-06	0	0	0
0,2348	1,152956	3,25991E-05	3,25991E-05	3,25991E-05	4,0084E-05	7,76837E-06	0	0	0
0,2352	1,091195	3,08528E-05	3,08528E-05	3,08528E-05	4,08319E-05	1,03571E-05	0	0	0
0,2356	1,025127	2,89848E-05	2,89848E-05	2,89848E-05	4,14187E-05	1,29049E-05	0	0	0
0,236	0,955014	2,70024E-05	2,70024E-05	2,70024E-05	4,18421E-05	1,54017E-05	0	0	0
0,2364	0,881131	2,49134E-05	2,49134E-05	2,49134E-05	4,21003E-05	1,78378E-05	0	0	0
0,2368	0,803772	2,27261E-05	2,27261E-05	2,27261E-05	4,21923E-05	2,02035E-05	0	0	0
0,2372	0,72324	2,04491E-05	2,04491E-05	2,04491E-05	4,21178E-05	2,24894E-05	0	0	0
0,2376	0,639853	1,80914E-05	1,80914E-05	1,80914E-05	4,18772E-05	2,46866E-05	0	0	0
0,238	0,553942	1,56623E-05	1,56623E-05	1,56623E-05	4,14712E-05	2,67864E-05	0	0	0
0,2384	0,465844	1,31714E-05	1,31714E-05	1,31714E-05	4,09016E-05	2,87804E-05	0	0	0
0,2388	0,375908	1,06285E-05	1,06285E-05	1,06285E-05	4,01706E-05	3,06609E-05	0	0	0
0,2392	0,284489	8,04374E-06	8,04374E-06	8,04374E-06	3,9281E-05	3,24204E-05	0	0	0
0,2396	0,191946	5,42715E-06	5,42715E-06	5,42715E-06	3,82364E-05	3,40519E-05	0	0	0
0,24	0,098646	2,78915E-06	2,78915E-06	2,78915E-06	3,70409E-05	3,5549E-05	0	0	0
0,2404	0,004957	1,40156E-07	1,40156E-07	1,40156E-07	3,56993E-05	3,69059E-05	2,5094E-06	0	0
0,2408	-0,088752	-2,5094E-06	0	0	3,42167E-05	3,81171E-05	5,14904E-06	0	0
0,2412	-0,18211	-5,14904E-06	0	0	3,25991E-05	3,91778E-05	7,76837E-06	0	0
0,2416	-0,27475	-7,76837E-06	0	0	3,08528E-05	4,0084E-05	1,03571E-05	0	0
0,242	-0,366306	-1,03571E-05	0	0	2,89848E-05	4,08319E-05	1,29049E-05	0	0
0,2424	-0,456416	-1,29049E-05	0	0	2,70024E-05	4,14187E-05	1,54017E-05	0	0
0,2428	-0,544724	-1,54017E-05	0	0	2,49134E-05	4,18421E-05	1,78378E-05	0	0
0,2432	-0,630883	-1,78378E-05	0	0	2,27261E-05	4,21003E-05	2,02035E-05	0	0
0,2436	-0,714552	-2,02035E-05	0	0	2,04491E-05	4,21923E-05	2,24894E-05	0	0
0,244	-0,795401	-2,24894E-05	0	0	1,80914E-05	4,21178E-05	2,46866E-05	0	0
0,2444	-0,873111	-2,46866E-05	0	0	1,56623E-05	4,18772E-05	2,67864E-05	0	0
0,2448	-0,947375	-2,67864E-05	0	0	1,31714E-05	4,14712E-05	2,87804E-05	0	0
0,2452	-1,0179	-2,87804E-05	0	0	1,06285E-05	4,09016E-05	3,06609E-05	0	0
0,2456	-1,084409	-3,06609E-05	0	0	8,04374E-06	4,01706E-05	3,24204E-05	0	0
0,246	-1,146637	-3,24204E-05	0	0	5,42715E-06	3,9281E-05	3,40519E-05	0	0
0,2464	-1,20434	-3,40519E-05	0	0	2,78915E-06	3,82364E-05	3,5549E-05	0	0
0,2468	-1,25729	-3,5549E-05	0	0	1,40156E-07	3,70409E-05	3,69059E-05	0	0
0,2472	-1,305279	-3,69059E-05	0	0	0	3,56993E-05	3,81171E-05	2,5094E-06	0
0,2476	-1,348116	-3,81171E-05	0	0	0	3,42167E-05	3,91778E-05	5,14904E-06	0
0,248	-1,385632	-3,91778E-05	0	0	0	3,25991E-05	4,0084E-05	7,76837E-06	0
0,2484	-1,41768	-4,0084E-05	0	0	0	3,08528E-05	4,08319E-05	1,03571E-05	0
0,2488	-1,444133	-4,08319E-05	0	0	0	2,89848E-05	4,14187E-05	1,29049E-05	0
0,2492	-1,464887	-4,14187E-05	0	0	0	2,70024E-05	4,18421E-05	1,54017E-05	0
0,2496	-1,47986	-4,18421E-05	0	0	0	2,49134E-05	4,21003E-05	1,78378E-05	0
0,25	-1,488992	-4,21003E-05	0	0	0	2,27261E-05	4,21923E-05	2,02035E-05	0
0,2504	-1,492248	-4,21923E-05	0	0	0	2,04491E-05	4,21178E-05	2,24894E-05	0
0,2508	-1,489614	-4,21178E-05	0	0	0	1,80914E-05	4,18772E-05	2,46866E-05	0
0,2512	-1,481102	-4,18772E-05	0	0	0	1,56623E-05	4,14712E-05	2,67864E-05	0
0,2516	-1,466745	-4,14712E-05	0	0	0	1,31714E-05	4,09016E-05	2,87804E-05	0
0,252	-1,446599	-4,09016E-05	0	0	0	1,06285E-05	4,01706E-05	3,06609E-05	0
0,2524	-1,420744	-4,01706E-05	0	0	0	8,04374E-06	3,9281E-05	3,24204E-05	0
0,2528	-1,389282	-3,9281E-05	0	0	0	5,42715E-06	3,82364E-05	3,40519E-05	0
0,2532	-1,352337	-3,82364E-05	0	0	0	2,78915E-06	3,70409E-05	3,5549E-05	0
0,2536	-1,310055	-3,70409E-05	0	0	0	1,40156E-07	3,56993E-05	3,69059E-05	2,5094E-06
0,254	-1,262603	-3,56993E-05	0	0	0	0	3,42167E-05	3,81171E-05	5,14904E-06
0,2544	-1,210167	-3,42167E-05	0	0	0	0	3,25991E-05	3,91778E-05	7,76837E-06
0,2548	-1,152956	-3,25991E-05	0	0	0	0	3,08528E-05	4,0084E-05	1,03571E-05
0,2552	-1,091195	-3,08528E-05	0	0	0	0	2,89848E-05	4,08319E-05	1,29049E-05
0,2556	-1,025127	-2,89848E-05	0	0	0	0	2,70024E-05	4,14187E-05	1,54017E-05
0,256	-0,955014	-2,70024E-05	0	0	0	0	2,49134E-05	4,18421E-05	1,78378E-05
0,2564	-0,881131	-2,49134E-05	0	0	0	0	2,27261E-05	4,21003E-05	2,02035E-05
0,2568	-0,803772	-2,27261E-05	0	0	0	0	2,04491E-05	4,21923E-05	2,24894E-05
0,2572	-0,72324	-2,04491E-05	0	0	0	0	1,80914E-05	4,21178E-05	2,46866E-05
0,2576	-0,639853	-1,80914E-05	0	0	0	0	1,56623E-05	4,18772E-05	2,67864E-05
0,258	-0,553942	-1,56623E-05	0	0	0	0	1,31714E-05	4,14712E-05	2,87804E-05
0,2584	-0,465844	-1,31714E-05	0	0	0	0	1,06285E-05	4,09016E-05	3,06609E-05
0,2588	-0,375908	-1,06285E-05	0	0	0	0	8,04374E-06	4,01706E-05	3,24204E-05
0,2592	-0,284489	-8,04374E-06	0	0	0	0	5,42715E-06	3,9281E-05	3,40519E-05
0,2596	-0,191946	-5,42715E-06	0	0	0	0	2,78915E-06	3,82364E-05	3,5549E-05
0,26	-0,098646	-2,78915E-06	0	0	0	0	1,40156E-07	3,70409E-05	3,69059E-05
0,2604	-0,004957	-1,40156E-07	0	0	0	0	0	3,56993E-05	3,81171E-05
0,2608	0,088752	2,5094E-06	2,5094E-06	2,5094E-06	0	0	0	3,42167E-05	3,91778E-05
0,2612	0,18211	5,14904E-06	5,14904E-06	5,14904E-06	0	0	0	3,25991E-05	4,0084E-05
0,2616	0,27475	7,76837E-06	7,76837E-06	7,76837E-06	0	0	0	3,08528E-05	4,08319E-05
0,262	0,366306	1,03571E-05	1,03571E-05	1,03571E-05	0	0	0	2,89848E-05	4,14187E-05
0,2624	0,456416	1,29049E-05	1,29049E-05	1,29049E-05	0	0	0	2,70024E-05	4,18421E-05
0,2628	0,544724	1,54017E-05	1,54017E-05	1,54017E-05	0	0	0	2,49134E-05	4,21003E-05
0,2632	0,630883	1,78378E-05	1,78378E-05	1,78378E-05	0	0	0	2,27261E-05	4,21923E-05
0,2636	0,714552	2,02035E-05	2,02035E-05	2,02035E-05	0	0	0	2,04491E-05	4,21178E-05
0,264	0,795401	2,24894E-05	2,24894E-05	2,24894E-05	0	0	0	1,80914E-05	4,18772E-05
0,2644	0,873111	2,46866E-05	2,46866E-05	2,46866E-05	0	0	0	1,56623E-05	4,14712E-05
0,2648	0,947375	2,67864E-05	2,67864E-05	2,67864E-05	0	0	0	1,31714E-05	4,09016E-05
0,2652	1,0179	2,87804E-05	2,87804E-05	2,87804E-05	0	0	0	1,06285E-05	4,01706E-05
0,2656	1,084409	3,06609E-05	3,06609E-05	3,06609E-05	0	0	0	8,04374E-06	3,9281E-05
0,266	1,146637	3,24204E-05	3,24204E-05	3,24204E-05	0	0	0	5,42715E-06	3,82364E-05
0,2664	1,20434	3,40519E-05	3,40519E-05	3,40519E-05	0	0	0	2,78915E-06	3,70409E-05
0,2668	1,25729	3,5549E-05	3,5549E-05	3,5549E-05	0	0	0	1,40156E-07	3,56993E-05
0,2672	1,305279	3,69059E-05	3,69059E-05	3,69059E-05	2,5094E-06	0	0	0	3,42167E-05
0,2676	1,348116	3,81171E-05	3,81171E-05	3,81171E-05	5,14904E-06	0	0	0	3,25991E-05
0,268	1,385632	3,91778E-05	3,91778E-05	3,91778E-05	7,76837E-06	0	0	0	3,08528E-05
0,2684	1,41768	4,0084E-05	4,0084E-05	4,0084E-05	1,03571E-05	0	0	0	2,89848E-05
0,2688	1,444133	4,08319E-05	4,08319E-05	4,08319E-05	1,29049E-05	0	0	0	2,70024E-05
0,2692	1,464887	4,14187E-05	4,14187E-05	4,14187E-05	1,54017E-05	0	0	0	2,49134E-05
0,2696	1,47986	4,18421E-05	4,18421E-05	4,18421E-05	1,78378E-05	0	0	0	2,27261E-05
0,27	1,488992	4,21003E-05	4,21003E-05	4,21003E-05	2,02035E-05	0	0	0	2,04491E-05
0,2704	1,492248	4,21923E-05	4,21923E-05	4,21923E-05	2,24894E-05	0	0	0	1,80914E-05
0,2708	1,489614	4,21178E-05	4,21178E-05	4,21178E-05	2,46866E-05	0	0	0	1,56623E-05
0,2712	1,481102	4,18772E-05	4,18772E-05	4,18772E-05	2,67864E-05	0	0	0	1,31714E-05
0,2716	1,466745	4,14712E-05	4,14712E-05	4,14712E-05	2,87804E-05	0	0	0	1,06285E-05
0,272	1,446599	4,09016E-05	4,09016E-05	4,09016E-05	3,06609E-05	0	0	0	8,04374E-06
0,2724	1,420744	4,01706E-05	4,01706E-05	4,01706E-05	3,24204E-05	0	0	0	5,42715E-06
0,2728	1,389282	3,9281E-05	3,9281E-05	3,9281E-05	3,40519E-05	0	0	0	2,78915E-06
0,2732	1,352337	3,82364E-05	3,82364E-05	3,82364E-05	3,5549E-05	0	0	0	1,40156E-07
0,2736	1,310055	3,70409E-05	3,70409E-05	3,70409E-05	3,69059E-05	0	0	0	0
0,274	1,262603	3,56993E-05	3,56993E-05	3,56993E-05	3,81171E-05	2,5094E-06	0	0	0
0,2744	1,210167	3,42167E-05	3,42167E-05	3,42167E-05	3,91778E-05	5,14904E-06	0	0	0
0,2748	1,152956	3,25991E-05	3,25991E-05	3,25991E-05	4,0084E-05	7,76837E-06	0	0	0
0,2752	1,091195	3,08528E-05	3,08528E-05	3,08528E-05	4,08319E-05	1,03571E-05	0	0	0
0,2756	1,025127	2,89848E-05	2,89848E-05	2,89848E-05	4,14187E-05	1,29049E-05	0	0	0
0,276	0,955014	2,70024E-05	2,70024E-05	2,70024E-05	4,18421E-05	1,54017E-05	0	0	0
0,2764	0,881131	2,49134E-05	2,49134E-05	2,49134E-05	4,21003E-05	1,78378E-05	0	0	0
0,2768	0,803772	2,27261E-05	2,27261E-05	2,27261E-05	4,21923E-05	2,02035E-05	0	0	0
0,2772	0,72324	2,04491E-05	2,04491E-05	2,04491E-05	4,21178E-05	2,24894E-05	0	0	0
0,2776	0,639853	1,80914E-05	1,80914E-05	1,80914E-05	4,18772E-05	2,46866E-05	0	0	0
0,278	0,553942	1,56623E-05	1,56623E-05	1,56623E-05	4,14712E-05	2,67864E-05	0	0	0
0,2784	0,465844	1,31714E-05	1,31714E-05	1,31714E-05	4,09016E-05	2,87804E-05	0	0	0
0,2788	0,375908	1,06285E-05	1,06285E-05	1,06285E-05	4,01706E-05	3,06609E-05	0	0	0
0,2792	0,284489	8,04374E-06	8,04374E-06	8,04374E-06	3,9281E-05	3,24204E-05	0	0	0
0,2796	0,191946	5,42715E-06	5,42715E-06	5,42715E-06	3,82364E-05	3,40519E-05	0	0	0
0,28	0,098646	2,78915E-06	2,78915E-06	2,78915E-06	3,70409E-05	3,5549E-05	0	0	0
0,2804	0,004957	1,40156E-07	1,40156E-07	1,40156E-07	3,56993E-05	3,69059E-05	2,5094E-06	0	0
0,2808	-0,088752	-2,5094E-06	0	0	3,42167E-05	3,81171E-05	5,14904E-06	0	0
0,2812	-0,18211	-5,14904E-06	0	0	3,25991E-05	3,91778E-05	7,76837E-06	0	0
0,2816	-0,27475	-7,76837E-06	0	0	3,08528E-05	4,0084E-05	1,03571E-05	0	0
0,282	-0,366306	-1,03571E-05	0	0	2,89848E-05	4,08319E-05	1,29049E-05	0	0
0,2824	-0,456416	-1,29049E-05	0	0	2,70024E-05	4,14187E-05	1,54017E-05	0	0
0,2828	-0,544724	-1,54017E-05	0	0	2,49134E-05	4,18421E-05	1,78378E-05	0	0
0,2832	-0,630883	-1,78378E-05	0	0	2,27261E-05	4,21003E-05	2,02035E-05	0	0
0,2836	-0,714552	-2,02035E-05	0	0	2,04491E-05	4,21923E-05	2,24894E-05	0	0
0,284	-0,795401	-2,24894E-05	0	0	1,80914E-05	4,21178E-05	2,46866E-05	0	0
0,2844	-0,873111	-2,46866E-05	0	0	1,56623E-05	4,18772E-05	2,67864E-05	0	0
0,2848	-0,947375	-2,67864E-05	0	0	1,31714E-05	4,14712E-05	2,87804E-05	0	0
0,2852	-1,0179	-2,87804E-05	0	0	1,06285E-05	4,09016E-05	3,06609E-05	0	0
0,2856	-1,084409	-3,06609E-05	0	0	8,04374E-06	4,01706E-05	3,24204E-05	0	0
0,286	-1,146637	-3,24204E-05	0	0	5,42715E-06	3,9281E-05	3,40519E-05	0	0
0,2864	-1,20434	-3,40519E-05	0	0	2,78915E-06	3,82364E-05	3,5549E-05	0	0
0,2868	-1,25729	-3,5549E-05	0	0	1,40156E-07	3,70409E-05	3,69059E-05	0	0
0,2872	-1,305279	-3,69059E-05	0	0	0	3,56993E-05	3,81171E-05	2,5094E-06	0
0,2876	-1,348116	-3,81171E-05	0	0	0	3,42167E-05	3,91778E-05	5,14904E-06	0
0,288	-1,385632	-3,91778E-05	0	0	0	3,25991E-05	4,0084E-05	7,76837E-06	0
0,2884	-1,41768	-4,0084E-05	0	0	0	3,08528E-05	4,08319E-05	1,03571E-05	0
0,2888	-1,444133	-4,08319E-05	0	0	0	2,89848E-05	4,14187E-05	1,29049E-05	0
0,2892	-1,464887	-4,14187E-05	0	0	0	2,70024E-05	4,18421E-05	1,54017E-05	0
0,2896	-1,47986	-4,18421E-05	0	0	0	2,49134E-05	4,21003E-05	1,78378E-05	0
0,29	-1,488992	-4,21003E-05	0	0	0	2,27261E-05	4,21923E-05	2,02035E-05	0
0,2904	-1,492248	-4,21923E-05	0	0	0	2,04491E-05	4,21178E-05	2,24894E-05	0
0,2908	-1,489614	-4,21178E-05	0	0	0	1,80914E-05	4,18772E-05	2,46866E-05	0
0,2912	-1,481102	-4,18772E-05	0	0	0	1,56623E-05	4,14712E-05	2,67864E-05	0
0,2916	-1,466745	-4,14712E-05	0	0	0	1,31714E-05	4,09016E-05	2,87804E-05	0
0,292	-1,446599	-4,09016E-05	0	0	0	1,06285E-05	4,01706E-05	3,06609E-05	0
0,2924	-1,420744	-4,01706E-05	0	0	0	8,04374E-06	3,9281E-05	3,24204E-05	0
0,2928	-1,389282	-3,9281E-05	0	0	0	5,42715E-06	3,82364E-05	3,40519E-05	0
0,2932	-1,352337	-3,82364E-05	0	0	0	2,78915E-06	3,70409E-05	3,5549E-05	0
0,2936	-1,310055	-3,70409E-05	0	0	0	1,40156E-07	3,56993E-05	3,69059E-05	2,5094E-06
0,294	-1,262603	-3,56993E-05	0	0	0	0	3,42167E-05	3,81171E-05	5,14904E-06
0,2944	-1,210167	-3,42167E-05	0	0	0	0	3,25991E-05	3,91778E-05	7,76837E-06
0,2948	-1,152956	-3,25991E-05	0	0	0	0	3,08528E-05	4,0084E-05	1,03571E-05
0,2952	-1,091195	-3,08528E-05	0	0	0	0	2,89848E-05	4,08319E-05	1,29049E-05
0,2956	-1,025127	-2,89848E-05	0	0	0	0	2,70024E-05	4,14187E-05	1,54017E-05
0,296	-0,955014	-2,70024E-05	0	0	0	0	2,49134E-05	4,18421E-05	1,78378E-05
0,2964	-0,881131	-2,49134E-05	0	0	0	0	2,27261E-05	4,21003E-05	2,02035E-05
0,2968	-0,803772	-2,27261E-05	0	0	0	0	2,04491E-05	4,21923E-05	2,24894E-05
0,2972	-0,72324	-2,04491E-05	0	0	0	0	1,80914E-05	4,21178E-05	2,46866E-05
0,2976	-0,639853	-1,80914E-05	0	0	0	0	1,56623E-05	4,18772E-05	2,67864E-05
0,298	-0,553942	-1,56623E-05	0	0	0	0	1,31714E-05	4,14712E-05	2,87804E-05
0,2984	-0,465844	-1,31714E-05	0	0	0	0	1,06285E-05	4,09016E-05	3,06609E-05
0,2988	-0,375908	-1,06285E-05	0	0	0	0	8,04374E-06	4,01706E-05	3,24204E-05
0,2992	-0,284489	-8,04374E-06	0	0	0	0	5,42715E-06	3,9281E-05	3,40519E-05
0,2996	-0,191946	-5,42715E-06	0	0	0	0	2,78915E-06	3,82364E-05	3,5549E-05
0,3	-0,098646	-2,78915E-06	0	0	0	0	1,40156E-07	3,70409E-05	3,69059E-05
0,3004	-0,004957	-1,40156E-07	0	0	0	0	0	3,56993E-05	3,81171E-05
0,3008	0,088752	2,5094E-06	2,5094E-06	2,5094E-06	0	0	0	3,42167E-05	3,91778E-05
0,3012	0,18211	5,14904E-06	5,14904E-06	5,14904E-06	0	0	0	3,25991E-05	4,0084E-05
0,3016	0,27475	7,76837E-06	7,76837E-06	7,76837E-06	0	0	0	3,08528E-05	4,08319E-05
0,302	0,366306	1,03571E-05	1,03571E-05	1,03571E-05	0	0	0	2,89848E-05	4,14187E-05
0,3024	0,456416	1,29049E-05	1,29049E-05	1,29049E-05	0	0	0	2,70024E-05	4,18421E-05
0,3028	0,544724	1,54017E-05	1,54017E-05	1,54017E-05	0	0	0	2,49134E-05	4,21003E-05
0,3032	0,630883	1,78378E-05	1,78378E-05	1,78378E-05	0	0	0	2,27261E-05	4,21923E-05
0,3036	0,714552	2,02035E-05	2,02035E-05	2,02035E-05	0	0	0	2,04491E-05	4,21178E-05
0,304	0,795401	2,24894E-05	2,24894E-05	2,24894E-05	0	0	0	1,80914E-05	4,18772E-05
0,3044	0,873111	2,46866E-05	2,46866E-05	2,46866E-05	0	0	0	1,56623E-05	4,14712E-05
0,3048	0,947375	2,67864E-05	2,67864E-05	2,67864E-05	0	0	0	1,31714E-05	4,09016E-05
0,3052	1,0179	2,87804E-05	2,87804E-05	2,87804E-05	0	0	0	1,06285E-05	4,01706E-05
0,3056	1,084409	3,06609E-05	3,06609E-05	3,06609E-05	0	0	0	8,04374E-06	3,9281E-05
0,306	1,146637	3,24204E-05	3,24204E-05	3,24204E-05	0	0	0	5,42715E-06	3,82364E-05
0,3064	1,20434	3,40519E-05	3,40519E-05	3,40519E-05	0	0	0	2,78915E-06	3,70409E-05
0,3068	1,25729	3,5549E-05	3,5549E-05	3,5549E-05	0	0	0	1,40156E-07	3,56993E-05
0,3072	1,305279	3,69059E-05	3,69059E-05	3,69059E-05	2,5094E-06	0	0	0	3,42167E-05
0,3076	1,348116	3,81171E-05	3,81171E-05	3,81171E-05	5,14904E-06	0	0	0	3,25991E-05
0,308	1,385632	3,91778E-05	3,91778E-05	3,91778E-05	7,76837E-06	0	0	0	3,08528E-05
0,3084	1,41768	4,0084E-05	4,0084E-05	4,0084E-05	1,03571E-05	0	0	0	2,89848E-05
0,3088	1,444133	4,08319E-05	4,08319E-05	4,08319E-05	1,29049E-05	0	0	0	2,70024E-05
0,3092	1,464887	4,14187E-05	4,14187E-05	4,14187E-05	1,54017E-05	0	0	0	2,49134E-05
0,3096	1,47986	4,18421E-05	4,18421E-05	4,18421E-05	1,78378E-05	0	0	0	2,27261E-05
0,31	1,488992	4,21003E-05	4,21003E-05	4,21003E-05	2,02035E-05	0	0	0	2,04491E-05
0,3104	1,492248	4,21923E-05	4,21923E-05	4,21923E-05	2,24894E-05	0	0	0	1,80914E-05
0,3108	1,489614	4,21178E-05	4,21178E-05	4,21178E-05	2,46866E-05	0	0	0	1,56623E-05
0,3112	1,481102	4,18772E-05	4,18772E-05	4,18772E-05	2,67864E-05	0	0	0	1,31714E-05
0,3116	1,466745	4,14712E-05	4,14712E-05	4,14712E-05	2,87804E-05	0	0	0	1,06285E-05
0,312	1,446599	4,09016E-05	4,09016E-05	4,09016E-05	3,06609E-05	0	0	0	8,04374E-06
0,3124	1,420744	4,01706E-05	4,01706E-05	4,01706E-05	3,24204E-05	0	0	0	5,42715E-06
0,3128	1,389282	3,9281E-05	3,9281E-05	3,9281E-05	3,40519E-05	0	0	0	2,78915E-06
0,3132	1,352337	3,82364E-05	3,82364E-05	3,82364E-05	3,5549E-05	0	0	0	1,40156E-07
0,3136	1,310055	3,70409E-05	3,70409E-05	3,70409E-05	3,69059E-05	0	0	0	0
0,314	1,262603	3,56993E-05	3,56993E-05	3,56993E-05	3,81171E-05	2,5094E-06	0	0	0
0,3144	1,210167	3,42167E-05	3,42167E-05	3,42167E-05	3,91778E-05	5,14904E-06	0	0	0
0,3148	1,152956	3,25991E-05	3,25991E-05	3,25991E-05	4,0084E-05	7,76837E-06	0	0	0
0,3152	1,091195	3,08528E-05	3,08528E-05	3,08528E-05	4,08319E-05	1,03571E-05	0	0	0
0,3156	1,025127	2,89848E-05	2,89848E-05	2,89848E-05	4,14187E-05	1,29049E-05	0	0	0
0,316	0,955014	2,70024E-05	2,70024E-05	2,70024E-05	4,18421E-05	1,54017E-05	0	0	0
0,3164	0,881131	2,49134E-05	2,49134E-05	2,49134E-05	4,21003E-05	1,78378E-05	0	0	0
0,3168	0,803772	2,27261E-05	2,27261E-05	2,27261E-05	4,21923E-05	2,02035E-05	0	0	0
0,3172	0,72324	2,04491E-05	2,04491E-05	2,04491E-05	4,21178E-05	2,24894E-05	0	0	0
0,3176	0,639853	1,80914E-05	1,80914E-05	1,80914E-05	4,18772E-05	2,46866E-05	0	0	0
0,318	0,553942	1,56623E-05	1,56623E-05	1,56623E-05	4,14712E-05	2,67864E-05	0	0	0
0,3184	0,465844	1,31714E-05	1,31714E-05	1,31714E-05	4,09016E-05	2,87804E-05	0	0	0
0,3188	0,375908	1,06285E-05	1,06285E-05	1,06285E-05	4,01706E-05	3,06609E-05	0	0	0
0,3192	0,284489	8,04374E-06	8,04374E-06	8,04374E-06	3,9281E-05	3,24204E-05	0	0	0
0,3196	0,191946	5,42715E-06	5,42715E-06	5,42715E-06	3,82364E-05	3,40519E-05	0	0	0
0,32	0,098646	2,78915E-06	2,78915E-06	2,78915E-06	3,70409E-05	3,5549E-05	0	0	0
0,3204	0,004957	1,40156E-07	1,40156E-07	1,40156E-07	3,56993E-05	3,69059E-05	2,5094E-06	0	0
0,3208	-0,088752	-2,5094E-06	0	0	3,42167E-05	3,81171E-05	5,14904E-06	0	0
0,3212	-0,18211	-5,14904E-06	0	0	3,25991E-05	3,91778E-05	7,76837E-06	0	0
0,3216	-0,27475	-7,76837E-06	0	0	3,08528E-05	4,0084E-05	1,03571E-05	0	0
0,322	-0,366306	-1,03571E-05	0	0	2,89848E-05	4,08319E-05	1,29049E-05	0	0
0,3224	-0,456416	-1,29049E-05	0	0	2,70024E-05	4,14187E-05	1,54017E-05	0	0
0,3228	-0,544724	-1,54017E-05	0	0	2,49134E-05	4,18421E-05	1,78378E-05	0	0
0,3232	-0,630883	-1,78378E-05	0	0	2,27261E-05	4,21003E-05	2,02035E-05	0	0
0,3236	-0,714552	-2,02035E-05	0	0	2,04491E-05	4,21923E-05	2,24894E-05	0	0
0,324	-0,795401	-2,24894E-05	0	0	1,80914E-05	4,21178E-05	2,46866E-05	0	0
0,3244	-0,873111	-2,46866E-05	0	0	1,56623E-05	4,18772E-05	2,67864E-05	0	0
0,3248	-0,947375	-2,67864E-05	0	0	1,31714E-05	4,14712E-05	2,87804E-05	0	0
0,3252	-1,0179	-2,87804E-05	0	0	1,06285E-05	4,09016E-05	3,06609E-05	0	0
0,3256	-1,084409	-3,06609E-05	0	0	8,04374E-06	4,01706E-05	3,24204E-05	0	0
0,326	-1,146637	-3,24204E-05	0	0	5,42715E-06	3,9281E-05	3,40519E-05	0	0
0,3264	-1,20434	-3,40519E-05	0	0	2,78915E-06	3,82364E-05	3,5549E-05	0	0
0,3268	-1,25729	-3,5549E-05	0	0	1,40156E-07	3,70409E-05	3,69059E-05	0	0
0,3272	-1,305279	-3,69059E-05	0	0	0	3,56993E-05	3,81171E-05	2,5094E-06	0
0,3276	-1,348116	-3,81171E-05	0	0	0	3,42167E-05	3,91778E-05	5,14904E-06	0
0,328	-1,385632	-3,91778E-05	0	0	0	3,25991E-05	4,0084E-05	7,76837E-06	0
0,3284	-1,41768	-4,0084E-05	0	0	0	3,08528E-05	4,08319E-05	1,03571E-05	0
0,3288	-1,444133	-4,08319E-05	0	0	0	2,89848E-05	4,14187E-05	1,29049E-05	0
0,3292	-1,464887	-4,14187E-05	0	0	0	2,70024E-05	4,18421E-05	1,54017E-05	0
0,3296	-1,47986	-4,18421E-05	0	0	0	2,49134E-05	4,21003E-05	1,78378E-05	0
0,33	-1,488992	-4,21003E-05	0	0	0	2,27261E-05	4,21923E-05	2,02035E-05	0
0,3304	-1,492248	-4,21923E-05	0	0	0	2,04491E-05	4,21178E-05	2,24894E-05	0
0,3308	-1,489614	-4,21178E-05	0	0	0	1,80914E-05	4,18772E-05	2,46866E-05	0
0,3312	-1,481102	-4,18772E-05	0	0	0	1,56623E-05	4,14712E-05	2,67864E-05	0
0,3316	-1,466745	-4,14712E-05	0	0	0	1,31714E-05	4,09016E-05	2,87804E-05	0
0,332	-1,446599	-4,09016E-05	0	0	0	1,06285E-05	4,01706E-05	3,06609E-05	0
0,3324	-1,420744	-4,01706E-05	0	0	0	8,04374E-06	3,9281E-05	3,24204E-05	0
0,3328	-1,389282	-3,9281E-05	0	0	0	5,42715E-06	3,82364E-05	3,40519E-05	0
0,3332	-1,352337	-3,82364E-05	0	0	0	2,78915E-06	3,70409E-05	3,5549E-05	0
0,3336	-1,310055	-3,70409E-05	0	0	0	1,40156E-07	3,56993E-05	3,69059E-05	2,5094E-06
0,334	-1,262603	-3,56993E-05	0	0	0	0	3,42167E-05	3,81171E-05	5,14904E-06
0,3344	-1,210167	-3,42167E-05	0	0	0	0	3,25991E-05	3,91778E-05	7,76837E-06
0,3348	-1,152956	-3,25991E-05	0	0	0	0	3,08528E-05	4,0084E-05	1,03571E-05
0,3352	-1,091195	-3,08528E-05	0	0	0	0	2,89848E-05	4,08319E-05	1,29049E-05
0,3356	-1,025127	-2,89848E-05	0	0	0	0	2,70024E-05	4,14187E-05	1,54017E-05
0,336	-0,955014	-2,70024E-05	0	0	0	0	2,49134E-05	4,18421E-05	1,78378E-05
0,3364	-0,881131	-2,49134E-05	0	0	0	0	2,27261E-05	4,21003E-05	2,02035E-05
0,3368	-0,803772	-2,27261E-05	0	0	0	0	2,04491E-05	4,21923E-05	2,24894E-05
0,3372	-0,72324	-2,04491E-05	0	0	0	0	1,80914E-05	4,21178E-05	2,46866E-05
0,3376	-0,639853	-1,80914E-05	0	0	0	0	1,56623E-05	4,18772E-05	2,67864E-05
0,338	-0,553942	-1,56623E-05	0	0	0	0	1,31714E-05	4,14712E-05	2,87804E-05
0,3384	-0,465844	-1,31714E-05	0	0	0	0	1,06285E-05	4,09016E-05	3,06609E-05
0,3388	-0,375908	-1,06285E-05	0	0	0	0	8,04374E-06	4,01706E-05	3,24204E-05
0,3392	-0,284489	-8,04374E-06	0	0	0	0	5,42715E-06	3,9281E-05	3,40519E-05
0,3396	-0,191946	-5,42715E-06	0	0	0	0	2,78915E-06	3,82364E-05	3,5549E-05
0,34	-0,098646	-2,78915E-06	0	0	0	0	1,40156E-07	3,70409E-05	3,69059E-05
0,3404	-0,004957	-1,40156E-07	0	0	0	0	0	3,56993E-05	3,81171E-05
0,3408	0,088752	2,5094E-06	2,5094E-06	2,5094E-06	0	0	0	3,42167E-05	3,91778E-05
0,3412	0,18211	5,14904E-06	5,14904E-06	5,14904E-06	0	0	0	3,25991E-05	4,0084E-05
0,3416	0,27475	7,76837E-06	7,76837E-06	7,76837E-06	0	0	0	3,08528E-05	4,08319E-05
0,342	0,366306	1,03571E-05	1,03571E-05	1,03571E-05	0	0	0	2,89848E-05	4,14187E-05
0,3424	0,456416	1,29049E-05	1,29049E-05	1,29049E-05	0	0	0	2,70024E-05	4,18421E-05
0,3428	0,544724	1,54017E-05	1,54017E-05	1,54017E-05	0	0	0	2,49134E-05	4,21003E-05
0,3432	0,630883	1,78378E-05	1,78378E-05	1,78378E-05	0	0	0	2,27261E-05	4,21923E-05
0,3436	0,714552	2,02035E-05	2,02035E-05	2,02035E-05	0	0	0	2,04491E-05	4,21178E-05
0,344	0,795401	2,24894E-05	2,24894E-05	2,24894E-05	0	0	0	1,80914E-05	4,18772E-05
0,3444	0,873111	2,46866E-05	2,46866E-05	2,46866E-05	0	0	0	1,56623E-05	4,14712E-05
0,3448	0,947375	2,67864E-05	2,67864E-05	2,67864E-05	0	0	0	1,31714E-05	4,09016E-05
0,3452	1,0179	2,87804E-05	2,87804E-05	2,87804E-05	0	0	0	1,06285E-05	4,01706E-05
0,3456	1,084409	3,06609E-05	3,06609E-05	3,06609E-05	0	0	0	8,04374E-06	3,9281E-05
0,346	1,146637	3,24204E-05	3,24204E-05	3,24204E-05	0	0	0	5,42715E-06	3,82364E-05
0,3464	1,20434	3,40519E-05	3,40519E-05	3,40519E-05	0	0	0	2,78915E-06	3,70409E-05
0,3468	1,25729	3,5549E-05	3,5549E-05	3,5549E-05	0	0	0	1,40156E-07	3,56993E-05
0,3472	1,305279	3,69059E-05	3,69059E-05	3,69059E-05	2,5094E-06	0	0	0	3,42167E-05
0,3476	1,348116	3,81171E-05	3,81171E-05	3,81171E-05	5,14904E-06	0	0	0	3,25991E-05
0,348	1,385632	3,91778E-05	3,91778E-05	3,91778E-05	7,76837E-06	0	0	0	3,08528E-05
0,3484	1,41768	4,0084E-05	4,0084E-05	4,0084E-05	1,03571E-05	0	0	0	2,89848E-05
0,3488	1,444133	4,08319E-05	4,08319E-05	4,08319E-05	1,29049E-05	0	0	0	2,70024E-05
0,3492	1,464887	4,14187E-05	4,14187E-05	4,14187E-05	1,54017E-05	0	0	0	2,49134E-05
0,3496	1,47986	4,18421E-05	4,18421E-05	4,18421E-05	1,78378E-05	0	0	0	2,27261E-05
0,35	1,488992	4,21003E-05	4,21003E-05	4,21003E-05	2,02035E-05	0	0	0	2,04491E-05
0,3504	1,492248	4,21923E-05	4,21923E-05	4,21923E-05	2,24894E-05	0	0	0	1,80914E-05
0,3508	1,489614	4,21178E-05	4,21178E-05	4,21178E-05	2,46866E-05	0	0	0	1,56623E-05
0,3512	1,481102	4,18772E-05	4,18772E-05	4,18772E-05	2,67864E-05	0	0	0	1,31714E-05
0,3516	1,466745	4,14712E-05	4,14712E-05	4,14712E-05	2,87804E-05	0	0	0	1,06285E-05
0,352	1,446599	4,09016E-05	4,09016E-05	4,09016E-05	3,06609E-05	0	0	0	8,04374E-06
0,3524	1,420744	4,01706E-05	4,01706E-05	4,01706E-05	3,24204E-05	0	0	0	5,42715E-06
0,3528	1,389282	3,9281E-05	3,9281E-05	3,9281E-05	3,40519E-05	0	0	0	2,78915E-06
0,3532	1,352337	3,82364E-05	3,82364E-05	3,82364E-05	3,5549E-05	0	0	0	1,40156E-07
0,3536	1,310055	3,70409E-05	3,70409E-05	3,70409E-05	3,69059E-05	0	0	0	0
0,354	1,262603	3,56993E-05	3,56993E-05	3,56993E-05	3,81171E-05	2,5094E-06	0	0	0
0,3544	1,210167	3,42167E-05	3,42167E-05	3,42167E-05	3,91778E-05	5,14904E-06	0	0	0
0,3548	1,152956	3,25991E-05	3,25991E-05	3,25991E-05	4,0084E-05	7,76837E-06	0	0	0
0,3552	1,091195	3,08528E-05	3,08528E-05	3,08528E-05	4,08319E-05	1,03571E-05	0	0	0
0,3556	1,025127	2,89848E-05	2,89848E-05	2,89848E-05	4,14187E-05	1,29049E-05	0	0	0
0,356	0,955014	2,70024E-05	2,70024E-05	2,70024E-05	4,18421E-05	1,54017E-05	0	0	0
0,3564	0,881131	2,49134E-05	2,49134E-05	2,49134E-05	4,21003E-05	1,78378E-05	0	0	0
0,3568	0,803772	2,27261E-05	2,27261E-05	2,27261E-05	4,21923E-05	2,02035E-05	0	0	0
0,3572	0,72324	2,04491E-05	2,04491E-05	2,04491E-05	4,21178E-05	2,24894E-05	0	0	0
0,3576	0,639853	1,80914E-05	1,80914E-05	1,80914E-05	4,18772E-05	2,46866E-05	0	0	0
0,358	0,553942	1,56623E-05	1,56623E-05	1,56623E-05	4,14712E-05	2,67864E-05	0	0	0
0,3584	0,465844	1,31714E-05	1,31714E-05	1,31714E-05	4,09016E-05	2,87804E-05	0	0	0
0,3588	0,375908	1,06285E-05	1,06285E-05	1,06285E-05	4,01706E-05	3,06609E-05	0	0	0
0,3592	0,284489	8,04374E-06	8,04374E-06	8,04374E-06	3,9281E-05	3,24204E-05	0	0	0
0,3596	0,191946	5,42715E-06	5,42715E-06	5,42715E-06	3,82364E-05	3,40519E-05	0	0	0
0,36	0,098646	2,78915E-06	2,78915E-06	2,78915E-06	3,70409E-05	3,5549E-05	0	0	0
0,3604	0,004957	1,40156E-07	1,40156E-07	1,40156E-07	3,56993E-05	3,69059E-05	2,5094E-06	0	0
0,3608	-0,088752	-2,5094E-06	0	0	3,42167E-05	3,81171E-05	5,14904E-06	0	0
0,3612	-0,18211	-5,14904E-06	0	0	3,25991E-05	3,91778E-05	7,76837E-06	0	0
0,3616	-0,27475	-7,76837E-06	0	0	3,08528E-05	4,0084E-05	1,03571E-05	0	0
0,362	-0,366306	-1,03571E-05	0	0	2,89848E-05	4,08319E-05	1,29049E-05	0	0
0,3624	-0,456416	-1,29049E-05	0	0	2,70024E-05	4,14187E-05	1,54017E-05	0	0
0,3628	-0,544724	-1,54017E-05	0	0	2,49134E-05	4,18421E-05	1,78378E-05	0	0
0,3632	-0,630883	-1,78378E-05	0	0	2,27261E-05	4,21003E-05	2,02035E-05	0	0
0,3636	-0,714552	-2,02035E-05	0	0	2,04491E-05	4,21923E-05	2,24894E-05	0	0
0,364	-0,795401	-2,24894E-05	0	0	1,80914E-05	4,21178E-05	2,46866E-05	0	0
0,3644	-0,873111	-2,46866E-05	0	0	1,56623E-05	4,18772E-05	2,67864E-05	0	0
0,3648	-0,947375	-2,67864E-05	0	0	1,31714E-05	4,14712E-05	2,87804E-05	0	0
0,3652	-1,0179	-2,87804E-05	0	0	1,06285E-05	4,09016E-05	3,06609E-05	0	0
0,3656	-1,084409	-3,06609E-05	0	0	8,04374E-06	4,01706E-05	3,24204E-05	0	0
0,366	-1,146637	-3,24204E-05	0	0	5,42715E-06	3,9281E-05	3,40519E-05	0	0
0,3664	-1,20434	-3,40519E-05	0	0	2,78915E-06	3,82364E-05	3,5549E-05	0	0
0,3668	-1,25729	-3,5549E-05	0	0	1,40156E-07	3,70409E-05	3,69059E-05	0	0
0,3672	-1,305279	-3,69059E-05	0	0	0	3,56993E-05	3,81171E-05	2,5094E-06	0
0,3676	-1,348116	-3,81171E-05	0	0	0	3,42167E-05	3,91778E-05	5,14904E-06	0
0,368	-1,385632	-3,91778E-05	0	0	0	3,25991E-05	4,0084E-05	7,76837E-06	0
0,3684	-1,41768	-4,0084E-05	0	0	0	3,08528E-05	4,08319E-05	1,03571E-05	0
0,3688	-1,444133	-4,08319E-05	0	0	0	2,89848E-05	4,14187E-05	1,29049E-05	0
0,3692	-1,464887	-4,14187E-05	0	0	0	2,70024E-05	4,18421E-05	1,54017E-05	0
0,3696	-1,47986	-4,18421E-05	0	0	0	2,49134E-05	4,21003E-05	1,78378E-05	0
0,37	-1,488992	-4,21003E-05	0	0	0	2,27261E-05	4,21923E-05	2,02035E-05	0
0,3704	-1,492248	-4,21923E-05	0	0	0	2,04491E-05	4,21178E-05	2,24894E-05	0
0,3708	-1,489614	-4,21178E-05	0	0	0	1,80914E-05	4,18772E-05	2,46866E-05	0
0,3712	-1,481102	-4,18772E-05	0	0	0	1,56623E-05	4,14712E-05	2,67864E-05	0
0,3716	-1,466745	-4,14712E-05	0	0	0	1,31714E-05	4,09016E-05	2,87804E-05	0
0,372	-1,446599	-4,09016E-05	0	0	0	1,06285E-05	4,01706E-05	3,06609E-05	0
0,3724	-1,420744	-4,01706E-05	0	0	0	8,04374E-06	3,9281E-05	3,24204E-05	0
0,3728	-1,389282	-3,9281E-05	0	0	0	5,42715E-06	3,82364E-05	3,40519E-05	0
0,3732	-1,352337	-3,82364E-05	0	0	0	2,78915E-06	3,70409E-05	3,5549E-05	0
0,3736	-1,310055	-3,70409E-05	0	0	0	1,40156E-07	3,56993E-05	3,69059E-05	2,5094E-06
0,374	-1,262603	-3,56993E-05	0	0	0	0	3,42167E-05	3,81171E-05	5,14904E-06
0,3744	-1,210167	-3,42167E-05	0	0	0	0	3,25991E-05	3,91778E-05	7,76837E-06
0,3748	-1,152956	-3,25991E-05	0	0	0	0	3,08528E-05	4,0084E-05	1,03571E-05
0,3752	-1,091195	-3,08528E-05	0	0	0	0	2,89848E-05	4,08319E-05	1,29049E-05
0,3756	-1,025127	-2,89848E-05	0	0	0	0	2,70024E-05	4,14187E-05	1,54017E-05
0,376	-0,955014	-2,70024E-05	0	0	0	0	2,49134E-05	4,18421E-05	1,78378E-05
0,3764	-0,881131	-2,49134E-05	0	0	0	0	2,27261E-05	4,21003E-05	2,02035E-05
0,3768	-0,803772	-2,27261E-05	0	0	0	0	2,04491E-05	4,21923E-05	2,24894E-05
0,3772	-0,72324	-2,04491E-05	0	0	0	0	1,80914E-05	4,21178E-05	2,46866E-05
0,3776	-0,639853	-1,80914E-05	0	0	0	0	1,56623E-05	4,18772E-05	2,67864E-05
0,378	-0,553942	-1,56623E-05	0	0	0	0	1,31714E-05	4,14712E-05	2,87804E-05
0,3784	-0,465844	-1,31714E-05	0	0	0	0	1,06285E-05	4,09016E-05	3,06609E-05
0,3788	-0,375908	-1,06285E-05	0	0	0	0	8,04374E-06	4,01706E-05	3,24204E-05
0,3792	-0,284489	-8,04374E-06	0	0	0	0	5,42715E-06	3,9281E-05	3,40519E-05
0,3796	-0,191946	-5,42715E-06	0	0	0	0	2,78915E-06	3,82364E-05	3,5549E-05
0,38	-0,098646	-2,78915E-06	0	0	0	0	1,40156E-07	3,70409E-05	3,69059E-05
0,3804	-0,004957	-1,40156E-07	0	0	0	0	0	3,56993E-05	3,81171E-05
0,3808	0,088752	2,5094E-06	2,5094E-06	2,5094E-06	0	0	0	3,42167E-05	3,91778E-05
0,3812	0,18211	5,14904E-06	5,14904E-06	5,14904E-06	0	0	0	3,25991E-05	4,0084E-05
0,3816	0,27475	7,76837E-06	7,76837E-06	7,76837E-06	0	0	0	3,08528E-05	4,08319E-05
0,382	0,366306	1,03571E-05	1,03571E-05	1,03571E-05	0	0	0	2,89848E-05	4,14187E-05
0,3824	0,456416	1,29049E-05	1,29049E-05	1,29049E-05	0	0	0	2,70024E-05	4,18421E-05
0,3828	0,544724	1,54017E-05	1,54017E-05	1,54017E-05	0	0	0	2,49134E-05	4,21003E-05
0,3832	0,630883	1,78378E-05	1,78378E-05	1,78378E-05	0	0	0	2,27261E-05	4,21923E-05
0,3836	0,714552	2,02035E-05	2,02035E-05	2,02035E-05	0	0	0	2,04491E-05	4,21178E-05
0,384	0,795401	2,24894E-05	2,24894E-05	2,24894E-05	0	0	0	1,80914E-05	4,18772E-05
0,3844	0,873111	2,46866E-05	2,46866E-05	2,46866E-05	0	0	0	1,56623E-05	4,14712E-05
0,3848	0,947375	2,67864E-05	2,67864E-05	2,67864E-05	0	0	0	1,31714E-05	4,09016E-05
0,3852	1,0179	2,87804E-05	2,87804E-05	2,87804E-05	0	0	0	1,06285E-05	4,01706E-05
0,3856	1,084409	3,06609E-05	3,06609E-05	3,06609E-05	0	0	0	8,04374E-06	3,9281E-05
0,386	1,146637	3,24204E-05	3,24204E-05	3,24204E-05	0	0	0	5,42715E-06	3,82364E-05
0,3864	1,20434	3,40519E-05	3,40519E-05	3,40519E-05	0	0	0	2,78915E-06	3,70409E-05
0,3868	1,25729	3,5549E-05	3,5549E-05	3,5549E-05	0	0	0	1,40156E-07	3,56993E-05
0,3872	1,305279	3,69059E-05	3,69059E-05	3,69059E-05	2,5094E-06	0	0	0	3,42167E-05
0,3876	1,348116	3,81171E-05	3,81171E-05	3,81171E-05	5,14904E-06	0	0	0	3,25991E-05
0,388	1,385632	3,91778E-05	3,91778E-05	3,91778E-05	7,76837E-06	0	0	0	3,08528E-05
0,3884	1,41768	4,0084E-05	4,0084E-05	4,0084E-05	1,03571E-05	0	0	0	2,89848E-05
0,3888	1,444133	4,08319E-05	4,08319E-05	4,08319E-05	1,29049E-05	0	0	0	2,70024E-05
0,3892	1,464887	4,14187E-05	4,14187E-05	4,14187E-05	1,54017E-05	0	0	0	2,49134E-05
0,3896	1,47986	4,18421E-05	4,18421E-05	4,18421E-05	1,78378E-05	0	0	0	2,27261E-05
0,39	1,488992	4,21003E-05	4,21003E-05	4,21003E-05	2,02035E-05	0	0	0	2,04491E-05
0,3904	1,492248	4,21923E-05	4,21923E-05	4,21923E-05	2,24894E-05	0	0	0	1,80914E-05
0,3908	1,489614	4,21178E-05	4,21178E-05	4,21178E-05	2,46866E-05	0	0	0	1,56623E-05
0,3912	1,481102	4,18772E-05	4,18772E-05	4,18772E-05	2,67864E-05	0	0	0	1,31714E-05
0,3916	1,466745	4,14712E-05	4,14712E-05	4,14712E-05	2,87804E-05	0	0	0	1,06285E-05
0,392	1,446599	4,09016E-05	4,09016E-05	4,09016E-05	3,06609E-05	0	0	0	8,04374E-06
0,3924	1,420744	4,01706E-05	4,01706E-05	4,01706E-05	3,24204E-05	0	0	0	5,42715E-06
0,3928	1,389282	3,9281E-05	3,9281E-05	3,9281E-05	3,40519E-05	0	0	0	2,78915E-06
0,3932	1,352337	3,82364E-05	3,82364E-05	3,82364E-05	3,5549E-05	0	0	0	1,40156E-07
0,3936	1,310055	3,70409E-05	3,70409E-05	3,70409E-05	3,69059E-05	0	0	0	0
0,394	1,262603	3,56993E-05	3,56993E-05	3,56993E-05	3,81171E-05	2,5094E-06	0	0	0
0,3944	1,210167	3,42167E-05	3,42167E-05	3,42167E-05	3,91778E-05	5,14904E-06	0	0	0
0,3948	1,152956	3,25991E-05	3,25991E-05	3,25991E-05	4,0084E-05	7,76837E-06	0	0	0
0,3952	1,091195	3,08528E-05	3,08528E-05	3,08528E-05	4,08319E-05	1,03571E-05	0	0	0
0,3956	1,025127	2,89848E-05	2,89848E-05	2,89848E-05	4,14187E-05	1,29049E-05	0	0	0
0,396	0,955014	2,70024E-05	2,70024E-05	2,70024E-05	4,18421E-05	1,54017E-05	0	0	0
0,3964	0,881131	2,49134E-05	2,49134E-05	2,49134E-05	4,21003E-05	1,78378E-05	0	0	0
0,3968	0,803772	2,27261E-05	2,27261E-05	2,27261E-05	4,21923E-05	2,02035E-05	0	0	0
0,3972	0,72324	2,04491E-05	2,04491E-05	2,04491E-05	4,21178E-05	2,24894E-05	0	0	0
0,3976	0,639853	1,80914E-05	1,80914E-05	1,80914E-05	4,18772E-05	2,46866E-05	0	0	0
0,398	0,553942	1,56623E-05	1,56623E-05	1,56623E-05	4,14712E-05	2,67864E-05	0	0	0
0,3984	0,465844	1,31714E-05	1,31714E-05	1,31714E-05	4,09016E-05	2,87804E-05	0	0	0
0,3988	0,375908	1,06285E-05	1,06285E-05	1,06285E-05	4,01706E-05	3,06609E-05	0	0	0
0,3992	0,284489	8,04374E-06	8,04374E-06	8,04374E-06	3,9281E-05	3,24204E-05	0	0	0
0,3996	0,191946	5,42715E-06	5,42715E-06	5,42715E-06	3,82364E-05	3,40519E-05	0	0	0
0,4	0,098646	2,78915E-06	2,78915E-06	2,78915E-06	3,70409E-05	3,5549E-05	0	0	0
					3,56993E-05	3,69059E-05	2,5094E-06	0	0
Valeur	mini	ordonne	=		3,42167E-05	3,81171E-05	5,14904E-06	0	0
Valeur	maxi	ordonne	=		3,25991E-05	3,91778E-05	7,76837E-06	0	0
					3,08528E-05	4,0084E-05	1,03571E-05	0	0
					2,89848E-05	4,08319E-05	1,29049E-05	0	0
					2,70024E-05	4,14187E-05	1,54017E-05	0	0
					2,49134E-05	4,18421E-05	1,78378E-05	0	0
					2,27261E-05	4,21003E-05	2,02035E-05	0	0
					2,04491E-05	4,21923E-05	2,24894E-05	0	0
					1,80914E-05	4,21178E-05	2,46866E-05	0	0
					1,56623E-05	4,18772E-05	2,67864E-05	0	0
					1,31714E-05	4,14712E-05	2,87804E-05	0	0
					1,06285E-05	4,09016E-05	3,06609E-05	0	0
					8,04374E-06	4,01706E-05	3,24204E-05	0	0
					5,42715E-06	3,9281E-05	3,40519E-05	0	0
					2,78915E-06	3,82364E-05	3,5549E-05	0	0
						3,70409E-05	3,69059E-05	0	0
						3,56993E-05	3,81171E-05	2,5094E-06	0
						3,42167E-05	3,91778E-05	5,14904E-06	0
						3,25991E-05	4,0084E-05	7,76837E-06	0
						3,08528E-05	4,08319E-05	1,03571E-05	0
						2,89848E-05	4,14187E-05	1,29049E-05	0
						2,70024E-05	4,18421E-05	1,54017E-05	0
						2,49134E-05	4,21003E-05	1,78378E-05	0
						2,27261E-05	4,21923E-05	2,02035E-05	0
						2,04491E-05	4,21178E-05	2,24894E-05	0
						1,80914E-05	4,18772E-05	2,46866E-05	0
						1,56623E-05	4,14712E-05	2,67864E-05	0
						1,31714E-05	4,09016E-05	2,87804E-05	0
						1,06285E-05	4,01706E-05	3,06609E-05	0
						8,04374E-06	3,9281E-05	3,24204E-05	0
						5,42715E-06	3,82364E-05	3,40519E-05	0
						2,78915E-06	3,70409E-05	3,5549E-05	0
							3,56993E-05	3,69059E-05	2,5094E-06
							3,42167E-05	3,81171E-05	5,14904E-06
							3,25991E-05	3,91778E-05	7,76837E-06
							3,08528E-05	4,0084E-05	1,03571E-05
							2,89848E-05	4,08319E-05	1,29049E-05
							2,70024E-05	4,14187E-05	1,54017E-05
							2,49134E-05	4,18421E-05	1,78378E-05
							2,27261E-05	4,21003E-05	2,02035E-05
							2,04491E-05	4,21923E-05	2,24894E-05
							1,80914E-05	4,21178E-05	2,46866E-05
							1,56623E-05	4,18772E-05	2,67864E-05
							1,31714E-05	4,14712E-05	2,87804E-05
							1,06285E-05	4,09016E-05	3,06609E-05
							8,04374E-06	4,01706E-05	3,24204E-05
							5,42715E-06	3,9281E-05	3,40519E-05
							2,78915E-06	3,82364E-05	3,5549E-05
								3,70409E-05	3,69059E-05
								3,56993E-05	3,81171E-05
								3,42167E-05	3,91778E-05
								3,25991E-05	4,0084E-05
								3,08528E-05	4,08319E-05
								2,89848E-05	4,14187E-05
								2,70024E-05	4,18421E-05
								2,49134E-05	4,21003E-05
								2,27261E-05	4,21923E-05
								2,04491E-05	4,21178E-05
								1,80914E-05	4,18772E-05
								1,56623E-05	4,14712E-05
								1,31714E-05	4,09016E-05
								1,06285E-05	4,01706E-05
								8,04374E-06	3,9281E-05
								5,42715E-06	3,82364E-05
								2,78915E-06	3,70409E-05
									3,56993E-05
									3,42167E-05
									3,25991E-05
									3,08528E-05
									2,89848E-05
									2,70024E-05
									2,49134E-05
									2,27261E-05
									2,04491E-05
									1,80914E-05
									1,56623E-05
									1,31714E-05
									1,06285E-05
									8,04374E-06
									5,42715E-06
									2,78915E-06
